0 0.00025126358080088145 0.10898332025129152 100 8.47457627118644
0 0.0005376491434605915 0.05934542267586358 200 9.433962264150942
0 0.00031863502068656444 0.09713796069544735 300 10.416666666666666
0 0.00029465142278501 0.08460020364534518 400 10.471204188481675
0 0.00044070205511853133 0.07872213645204441 500 10.416666666666666
0 0.00048428546132172273 0.08482523731876784 600 10.416666666666666
0 0.0005065876667544243 0.10260446764376027 700 10.27900146842878
0 0.00042023601520153035 0.09783332875590632 800 10.282776349614394
10 0.00016859458377717747 0.10757876722854443 100 9.009009009009008
10 0.000606478469672579 0.056492785992227755 200 9.75609756097561
10 0.0003596053976949673 0.09044814041567777 300 10.714285714285714
10 0.0003307819327305307 0.08351445097803062 400 10.666666666666666
10 0.00047254431675807586 0.08468798468927788 500 10.570824524312895
10 0.0005050632668610099 0.0933073802629969 600 10.544815465729348
10 0.0005282922603677381 0.11215109750256567 700 10.37037037037037
10 0.0004317705661412058 0.105029410377224 800 10.376134889753565
20 0.00019925856653125364 0.10006361732341139 100 9.615384615384615
20 0.0006966841448263618 0.051124053160227195 200 10.0
20 0.00039680498569024276 0.088314508192343 300 10.94890510948905
20 0.00038371886642468207 0.08593121860989586 400 10.81081081081081
20 0.0005080477936589759 0.09291825015846093 500 10.70663811563169
20 0.0005281906673681572 0.10303096408553218 600 10.657193605683835
20 0.0005568170439346102 0.12259262456304094 700 10.447761194029852
20 0.0004443803831029136 0.11282685996676968 800 10.471204188481675
30 0.0003114742811737832 0.08468561094403254 100 10.1010101010101
30 0.0007467555106934099 0.038059820556786944 200 10.256410256410257
30 0.00042613092256776257 0.09239872503031907 300 11.194029850746269
30 0.0004361705038402234 0.09216478180990517 400 10.92896174863388
30 0.0005347066114326351 0.10213500282737602 500 10.822510822510822
30 0.0005460821144738781 0.11256654178217587 600 10.75268817204301
30 0.0005733211927317839 0.131744142244316 700 10.510510510510509
30 0.00045344055806984375 0.11939356608044681 800 10.554089709762533
40 0.0003974548564450277 0.077085692265197 100 10.638297872340425
40 0.0007243440186918669 0.020011549834565497 200 10.471204188481675
40 0.00043376526960185144 0.09862833403121532 300 11.406844106463877
40 0.0004544206670782225 0.09629081513354093 400 11.019283746556473
40 0.0005408343727430721 0.10571517963915662 500 10.917030567685588
40 0.0005528956433105056 0.1153464864290352 600 10.830324909747292
40 0.0005761542658530258 0.13423373569475916 700 10.542168674698795
40 0.0004515124939097895 0.1193682434747667 800 10.624169986719789
50 0.0005794871485326058 0.06969411136352303 100 10.989010989010989
50 0.000740985226296413 0.01485006406606715 200 10.638297872340425
50 0.0004398840908481497 0.10058168560304964 300 11.538461538461538
50 0.0004930205400146859 0.1037156615228553 400 11.080332409972298
50 0.0005780910583991724 0.11605869999517737 500 10.989010989010989
50 0.0005702536787742578 0.12678682745345027 600 10.88929219600726
50 0.0005961619585441017 0.14638779694498935 700 10.558069381598793
50 0.0004639940345718977 0.12731370523876917 800 10.680907877169558
60 0.0006683765235562289 0.06719547049194541 100 11.363636363636363
60 0.0006854275967975449 0.024662152692657254 200 10.81081081081081
60 0.0004209953555053301 0.1057395817098739 300 11.627906976744185
60 0.0005220096883860648 0.11092600095520533 400 11.080332409972298
60 0.0005599528463978138 0.12287415435946389 500 11.013215859030836
60 0.0005793095045876568 0.13363358109244572 600 10.909090909090908
60 0.0005979666339374311 0.15264252723792907 700 10.558069381598793
60 0.000471900091207178 0.130530512131376 800 10.72386058981233
70 0.0006452987599495806 0.07887248359353131 100 11.494252873563218
70 0.0006541550048808791 0.04458823644983684 200 10.92896174863388
70 0.00042137620255457625 0.1106282990162359 300 11.627906976744185
70 0.0005221413572080878 0.11610537367119061 400 11.080332409972298
70 0.000573303855791022 0.12803153674126863 500 10.964912280701753
70 0.0005853829251765801 0.13738078328179457 600 10.909090909090908
70 0.0005906091907511366 0.15386394332093162 700 10.558069381598793
70 0.0004768036686720038 0.13025025324145484 800 10.767160161507404
80 0.0003636451303147445 0.08679041418400832 100 11.494252873563218
80 0.0006173681317528383 0.07061090340452478 200 11.049723756906076
80 0.000424483882153342 0.11685395861748157 300 11.583011583011581
80 0.0005125463668427618 0.12064534758271449 400 11.049723756906076
80 0.0006164988348239663 0.1328933931432304 500 10.940919037199125
80 0.000590804744104307 0.14023787477498406 600 10.88929219600726
80 0.0005855119636276376 0.1522923462938792 700 10.558069381598793
80 0.0004722481358145079 0.12953551032171048 800 10.79622132253711
90 0.00040291549854995707 0.07604372263319312 100 11.494252873563218
90 0.0005392464274014 0.09987277853983219 200 11.235955056179774
90 0.00042103129802192586 0.12445777590505315 300 11.538461538461538
90 0.0005485872095140685 0.12532427112823522 400 11.049723756906076
90 0.000603427176445206 0.1338582984025696 500 10.917030567685588
90 0.0005948317876979455 0.14285740883463113 600 10.849909584086799
90 0.0005561332459172657 0.14947044231785248 700 10.558069381598793
90 0.0004647284105834765 0.1284546206297073 800 10.825439783491204
100 0.0006550878208506711 0.0631143251433442 100 11.235955056179774
100 0.0005265399996654995 0.12435215671725512 200 11.428571428571429
100 0.0004197807161479005 0.13051666665717726 300 11.450381679389311
100 0.0005986547712014072 0.12965983175889387 400 11.019283746556473
100 0.000602179445358801 0.1360607324926775 500 10.917030567685588
100 0.0006059068040049885 0.1465415498381591 600 10.771992818671453
100 0.0005372916534184206 0.14813247731434104 700 10.558069381598793
100 0.000464836653356536 0.12782963270101505 800 10.854816824966079
110 0.000932543967450855 0.03747580458214403 100 10.869565217391303
110 0.0005371964488467412 0.14725288902516703 200 11.560693641618496
110 0.0004332459793466185 0.13622277236008326 300 11.406844106463877
110 0.000597461729183779 0.13370832639242952 400 11.019283746556473
110 0.0006141548820795067 0.1386705788443263 500 10.917030567685588
110 0.0006169629691104165 0.15070136471729295 600 10.695187165775401
110 0.0005260040700530386 0.14646120499753373 700 10.574018126888218
110 0.00046903370455800205 0.1279334552343924 800 10.854816824966079
120 0.0011609823288961402 0.008880944777053187 100 10.416666666666664
120 0.0005274049355784175 0.16430461501335583 200 11.695906432748536
120 0.0004610414621301428 0.1389286036405308 300 11.278195488721805
120 0.0006006398862970074 0.1330318022875992 400 11.019283746556473
120 0.0006138257069818215 0.13513257388758007 500 10.893246187363832
120 0.0006301345987680877 0.14901739182410775 600 10.600706713780918
120 0.000503522551273471 0.13800201661094938 700 10.59001512859304
120 0.00048111319988755716 0.12314135600181682 800 10.825439783491204
130 0.0011299680643308005 0.03745237996869455 100 10.204081632653061
130 0.0004918889849026711 0.178472749485128 200 11.764705882352942
130 0.0005142778475993973 0.13934797496839374 300 11.152416356877323
130 0.0006161001747358368 0.13104686652260947 400 10.95890410958904
130 0.0006159406916325618 0.13197217513353196 500 10.845986984815617
130 0.0006332933994175968 0.14717510887868138 600 10.526315789473685
130 0.0004880653467705665 0.13065453820006026 700 10.59001512859304
130 0.0004951373108382063 0.11892282997087587 800 10.79622132253711
140 0.0009341638476153829 0.0930675952046037 100 10.1010101010101
140 0.00040347566517620636 0.1891404860444741 200 11.695906432748536
140 0.0004949331103385075 0.1359687403190313 300 11.02941176470588
140 0.0006008543079853268 0.12356914054259102 400 10.92896174863388
140 0.0005914089872165614 0.12349334651006302 500 10.822510822510822
140 0.0006165868680580515 0.13988260523490936 600 10.452961672473867
140 0.0004630695441474047 0.1190356879812539 700 10.606060606060606
140 0.0005216363861513574 0.11234674113450056 800 10.767160161507404
150 0.0007189021093199251 0.1493786034306923 100 10.204081632653061
150 0.0003514424596460666 0.19256406283390043 200 11.627906976744187
150 0.0004982280498106592 0.1360204921978467 300 10.909090909090908
150 0.0005563611313354825 0.12216117631919751 400 10.840108401084011
150 0.0005825015167912227 0.122021309266815 500 10.775862068965516
150 0.0005885704396780309 0.1373460217439777 600 10.398613518197573
150 0.0004564583343890951 0.11415921295846802 700 10.638297872340425
150 0.0005524680337379641 0.11340555086263983 800 10.75268817204301
160 0.0007544102486667263 0.20125761339536152 100 10.309278350515463
160 0.00045087164835573795 0.19735879420157565 200 11.560693641618496
160 0.0005422781714284081 0.1535382991336725 300 10.869565217391305
160 0.0006329387273195667 0.14659784249894703 400 10.78167115902965
160 0.0006276704013225892 0.14497810392784308 500 10.75268817204301
160 0.0006184298171635189 0.156850584882086 600 10.380622837370241
160 0.0004914039101659257 0.1304370415956704 700 10.670731707317072
160 0.0005979967968253344 0.13478284996553677 800 10.75268817204301
170 0.0008851075048805155 0.24738492989943806 100 10.638297872340425
170 0.0005845500835891437 0.20868427494586836 200 11.494252873563218
170 0.0006529058315028151 0.17633205645906455 300 10.830324909747292
170 0.000728130517801226 0.17197793580544432 400 10.75268817204301
170 0.0006798874947458993 0.17033381502262382 500 10.729613733905579
170 0.0006492169082996963 0.17649151653779452 600 10.380622837370241
170 0.0005222979159029103 0.14918486305963313 700 10.703363914373087
170 0.0006337794988861906 0.15819840797384813 800 10.767160161507404
180 0.000642346231364327 0.28434422357768396 100 10.989010989010989
180 0.0005775455528627532 0.20498693644397764 200 11.428571428571429
180 0.0006887639179768572 0.1680069555013878 300 10.869565217391305
180 0.0006974967515965884 0.16270134978538306 400 10.75268817204301
180 0.0006727393495227485 0.16670768927401888 500 10.683760683760683
180 0.000602437347371392 0.1683752337635077 600 10.398613518197573
180 0.0005119179406928362 0.14176630201200083 700 10.736196319018404
180 0.0006219307882171322 0.15616498514870894 800 10.767160161507404
190 0.0004718282767026931 0.31014962314887035 100 11.494252873563218
190 0.0005268347175946354 0.1941470000831872 200 11.494252873563218
190 0.0006873990300609031 0.1519524963041073 300 10.909090909090908
190 0.0006695986354647105 0.14834700973952222 400 10.81081081081081
190 0.0006607214895632945 0.1584099362521261 500 10.638297872340425
190 0.0005703710433707231 0.15504043147293 600 10.434782608695652
190 0.000499352122071194 0.12966794179151211 700 10.785824345146379
190 0.0005993830690315273 0.1469598434833778 800 10.75268817204301
200 0.00035022976463062745 0.3203474548700449 100 12.19512195121951
200 0.0005173249018706923 0.1777700973761864 200 11.560693641618496
200 0.0006485003674586238 0.13251804429142455 300 11.02941176470588
200 0.0006498757644962234 0.1339715288548275 400 10.869565217391303
200 0.0006504239390112881 0.15059991889376423 500 10.638297872340425
200 0.0005435634029833043 0.1418132127192156 600 10.507880910683012
200 0.0004915039329649605 0.117720950117491 700 10.819165378670787
200 0.0005583373453461399 0.13541229419578982 800 10.72386058981233
210 0.0003825679875382355 0.32671884118118427 100 12.82051282051282
210 0.0005267616923022006 0.15433912991953594 200 11.695906432748536
210 0.0006210549597063005 0.10860653003350879 300 11.11111111111111
210 0.0006281707479665991 0.11693645034535495 400 10.92896174863388
210 0.0006395268004645244 0.14174053013869992 500 10.615711252653927
210 0.0005090521411769927 0.12546694783899676 600 10.56338028169014
210 0.0004963205584921207 0.10261697605375712 700 10.852713178294573
210 0.0005347534862513905 0.12137858022230662 800 10.7095046854083
220 0.00045415240359111787 0.3256786111466138 100 13.333333333333334
220 0.0005499608382152114 0.1334102705287994 200 11.695906432748536
220 0.000624088294370351 0.09203357402471589 300 11.194029850746269
220 0.0006182588242692615 0.1075427391890412 400 10.989010989010989
220 0.000652410303397579 0.13696508903159535 500 10.59322033898305
220 0.0004840256058044882 0.11404459566638721 600 10.619469026548673
220 0.0005012766468030436 0.09307986113747725 700 10.852713178294573
220 0.0005162469636642935 0.1091737349147462 800 10.666666666666666
230 0.0006631440908371125 0.30937262847930225 100 13.6986301369863
230 0.0006102001750118315 0.11516529069841262 200 11.560693641618496
230 0.0006525869354825029 0.09246557296978661 300 11.194029850746269
230 0.0006367826788300487 0.11546897746759655 400 10.989010989010989
230 0.0006629420121853731 0.14321411928993444 500 10.548523206751053
230 0.0004913174994599159 0.11500880546482828 600 10.657193605683835
230 0.0005473632467617972 0.09707383493534393 700 10.852713178294573
230 0.0005225805623693339 0.10851044638248876 800 10.58201058201058
240 0.0008994510391934059 0.2727278582663422 100 13.513513513513512
240 0.0006629328882046051 0.0966368778387511 200 11.428571428571429
240 0.0006898273242183284 0.09534272030582887 300 11.152416356877323
240 0.0006545994681537352 0.12538428573681684 400 10.95890410958904
240 0.000680517561014859 0.15041709996711328 500 10.460251046025103
240 0.0004998246857681242 0.11500817167880295 600 10.676156583629894
240 0.0005906832295381409 0.10128472126821005 700 10.835913312693497
240 0.0005131809921941369 0.10348156428285328 800 10.498687664041995
250 0.0009647930436469615 0.2164990301419405 100 13.157894736842104
250 0.0007041502415686081 0.08231181380999039 200 11.173184357541897
250 0.0007101288413765866 0.10138303160988725 300 10.989010989010989
250 0.0006803216455920948 0.13644864157662182 400 10.869565217391303
250 0.0006663443864717949 0.1526905937787105 500 10.395010395010395
250 0.0005129221602886945 0.11216566307282723 600 10.695187165775401
250 0.0006317728694049639 0.10515754942355544 700 10.819165378670787
250 0.0005120225604980738 0.09438918295505441 800 10.430247718383312
260 0.0009823924564600242 0.14275754237549784 100 12.5
260 0.0007117800802874005 0.07559102323265791 200 10.92896174863388
260 0.0007825323283686546 0.11246688350807885 300 10.79136690647482
260 0.0007039160121869616 0.15247795760777735 400 10.75268817204301
260 0.0006542805015711661 0.15329110828234027 500 10.309278350515465
260 0.0005132275483327544 0.11047249383168155 600 10.676156583629894
260 0.0006509877490559778 0.11187427897884092 700 10.76923076923077
260 0.0005135776670659458 0.08484420650022448 800 10.376134889753565
270 0.0009627456212703239 0.06925968147582924 100 11.627906976744187
270 0.0008135429762695553 0.09258922885715426 200 10.695187165775401
270 0.0007794622117664096 0.13450587763360083 300 10.600706713780918
270 0.0007328007511379672 0.17416107406164852 400 10.526315789473685
270 0.0006212252804179778 0.15510352863307206 500 10.245901639344261
270 0.0005213149799325019 0.11098820794275109 600 10.657193605683835
270 0.0006495151211128465 0.1205336784375461 700 10.703363914373087
270 0.0005259589549862088 0.07677987340382317 800 10.309278350515463
280 0.0007576214000660519 0.044536899621488324 100 10.869565217391303
280 0.0008145279440800948 0.11847369601240444 200 10.471204188481675
280 0.0007592535696401897 0.15142596256985272 300 10.452961672473867
280 0.0007359108965839901 0.1861474888005441 400 10.282776349614394
280 0.0005873476457681361 0.15009906619092775 500 10.183299389002036
280 0.0005175291545818861 0.10751553918800856 600 10.600706713780918
280 0.0006008992306399564 0.11862161446590508 700 10.542168674698795
280 0.0005188854655072073 0.06527037383966831 800 10.243277848911651
290 0.0006774272492251464 0.09390777628649451 100 10.416666666666664
290 0.0007891303430527019 0.1423547104345727 200 10.309278350515463
290 0.0007423710239050648 0.16359946523731084 300 10.344827586206897
290 0.0007390694793463846 0.19005825577348648 400 10.1010101010101
290 0.0005416132371796937 0.1408243126094549 500 10.16260162601626
290 0.0005357870905038632 0.10138574356143633 600 10.526315789473685
290 0.0005768260839668198 0.11112219221485173 700 10.385756676557863
290 0.0005033851854888914 0.05405427946269705 800 10.19108280254777
300 0.0006855185517327849 0.14976398737702337 100 9.9009900990099
300 0.0007718013211110305 0.16517675893451894 200 10.204081632653061
300 0.0007218964011300112 0.17694448941480379 300 10.273972602739725
300 0.0007285351907018055 0.18948948391204812 400 9.950248756218905
300 0.0005128218172661659 0.1339864156632745 500 10.16260162601626
300 0.0005511253660805809 0.09824209235039212 600 10.471204188481675
300 0.0005447946130048231 0.10221735854624524 700 10.248901903367496
300 0.0004935200731163779 0.0482975144074462 800 10.139416983523446
310 0.000718240222767715 0.185410226892546 100 9.70873786407767
310 0.0008056122524171084 0.18231144359719142 200 10.15228426395939
310 0.000720011962750667 0.18936335133475662 300 10.238907849829351
310 0.0007341201256280043 0.19081764435884466 400 9.876543209876543
310 0.00050621449638598 0.13035253667279365 500 10.204081632653061
310 0.0005849518432647164 0.09911769437204483 600 10.452961672473867
310 0.0005310052324891552 0.0976814818052293 700 10.15965166908563
310 0.0004909321846232969 0.048308688503079546 800 10.050251256281406
320 0.0008648424241447647 0.20076033934884702 100 9.615384615384615
320 0.0007798192815868726 0.1921361292280036 200 10.1010101010101
320 0.0007458964448864201 0.1985862551179225 300 10.238907849829351
320 0.000729833638964321 0.1911882871657899 400 9.828009828009828
320 0.0005241097152588323 0.12786529183471915 500 10.245901639344261
320 0.0006337253772456696 0.10497702102124895 600 10.452961672473867
320 0.0005292991496706311 0.0935854272727622 700 10.115606936416185
320 0.00046802691906411737 0.046443695753340994 800 9.9626400996264
330 0.0007936300002657017 0.19937598017618025 100 9.523809523809524
330 0.0008096013060884896 0.18795502435000205 200 10.050251256281406
330 0.0007553572109253662 0.19999618922977552 300 10.238907849829351
330 0.0007264180460191914 0.1827849037026347 400 9.852216748768473
330 0.0005251873871493894 0.11999073749498051 500 10.309278350515465
330 0.0006507230061129297 0.10580558982621761 600 10.489510489510488
330 0.0005272317071943563 0.08529430462605457 700 10.115606936416185
330 0.0004569263461897774 0.040425267010821865 800 9.925558312655086
340 0.0008107141291047673 0.18853153651915433 100 9.615384615384615
340 0.0009093297385960957 0.18374356502418226 200 10.0
340 0.0007593082361177046 0.2011294665994908 300 10.238907849829351
340 0.000705976292678157 0.1715254615486243 400 9.852216748768473
340 0.0005136646388651236 0.11265934708777892 500 10.373443983402488
340 0.0006556303928980718 0.10707952364430429 600 10.507880910683012
340 0.0005261987386719218 0.0767817059400499 700 10.115606936416185
340 0.00045720144219636445 0.03384033976311278 800 9.913258983890954
350 0.0010020618860293697 0.1860482427985362 100 9.70873786407767
350 0.0008804737747836924 0.1863470831794368 200 10.050251256281406
350 0.0007724743083241653 0.20531381446763877 300 10.204081632653061
350 0.0006636687329240823 0.1638478642263882 400 9.9009900990099
350 0.0005076149046556927 0.10736407610779217 500 10.4384133611691
350 0.0006493029155094025 0.11010659335154979 600 10.526315789473685
350 0.0005358073312266894 0.07063553941822276 700 10.130246020260492
350 0.0004577496514332018 0.029090217362101732 800 9.925558312655086
360 0.0011426330104616204 0.18364079375118098 100 9.80392156862745
360 0.0008779982226254571 0.18320637243051027 200 10.1010101010101
360 0.000787713623599611 0.20484501516707287 300 10.135135135135135
360 0.0006382885527145582 0.15400284088457444 400 9.950248756218905
360 0.0005075627127474078 0.09972487959678916 500 10.482180293501047
360 0.000637628337790717 0.10779935896548035 600 10.507880910683012
360 0.0005288933548505788 0.06107508838648932 700 10.130246020260492
360 0.00044893332480270225 0.021430632296610335 800 9.937888198757763
370 0.001116196133766671 0.18396001709034696 100 9.9009900990099
370 0.000899820867044259 0.18031497039518732 200 10.15228426395939
370 0.000817503535636121 0.20288841937491642 300 10.03344481605351
370 0.000609229576956711 0.1434310973141337 400 10.0
370 0.000505819916272952 0.09214040525932583 500 10.526315789473685
370 0.000598113531539326 0.10002394666744403 600 10.452961672473867
370 0.0005262079576856726 0.04977775146855447 700 10.130246020260492
370 0.0004325917235976025 0.012094823353336519 800 9.950248756218905
380 0.0010413313967801985 0.17834798075047195 100 10.0
380 0.0008718184892480491 0.17329618579460335 200 10.204081632653061
380 0.000797908615380383 0.1942566109304576 300 9.966777408637872
380 0.0005670685641570685 0.1282328774059672 400 10.050251256281406
380 0.0005189332903804904 0.08226769403115543 500 10.526315789473685
380 0.0005718636713381004 0.09290102550632046 600 10.380622837370241
380 0.0005116239176109606 0.040409109993227645 700 10.144927536231885
380 0.0004248745573505323 0.007295224437629142 800 9.9626400996264
390 0.0009964146417237062 0.16652178231352022 100 10.204081632653061
390 0.0008152748019210816 0.16390072959851903 200 10.309278350515463
390 0.0008013215167393121 0.17943630423377113 300 9.933774834437084
390 0.0005169055871226989 0.11120780340087828 400 10.1010101010101
390 0.0005119209582106609 0.07115113299826278 500 10.526315789473685
390 0.0005449507231626314 0.07964888547874491 600 10.344827586206897
390 0.0004992755052822001 0.030699308756566377 700 10.144927536231885
390 0.00041634791574462717 0.011797869799020652 800 9.975062344139651
400 0.0009147649751493718 0.1589175707601294 100 10.309278350515463
400 0.0007714214633125796 0.15822932155761305 200 10.362694300518134
400 0.000755361968614085 0.16417533387780278 300 9.900990099009901
400 0.00047693186013112766 0.09767756964654291 400 10.204081632653061
400 0.0005314948147968012 0.061818673504951176 500 10.548523206751053
400 0.0005299245064402368 0.0680316933407823 600 10.273972602739725
400 0.0004841061665712342 0.024426065798757023 700 10.144927536231885
400 0.0004033713286633882 0.018390700464830757 800 10.0
410 0.0009257534333811259 0.15017592967690732 100 10.416666666666664
410 0.0007447843296566663 0.15474827987939316 200 10.471204188481675
410 0.0007437912835384237 0.15326941843705924 300 9.900990099009901
410 0.00045736851666297677 0.08669805210963469 400 10.282776349614394
410 0.0005638459114594778 0.05602693975747458 500 10.570824524312895
410 0.0005074525111487635 0.06007601608791686 600 10.221465076660987
410 0.0004848584927138934 0.024030120454029413 700 10.101010101010102
410 0.000403527685420913 0.02428563101585893 800 10.025062656641603
420 0.0007659476019790396 0.1448822738769961 100 10.526315789473685
420 0.0007200308166753024 0.15562153940484647 200 10.471204188481675
420 0.0007019426316738766 0.14164400615521083 300 9.868421052631579
420 0.00044493997510408015 0.07683836000815561 400 10.362694300518134
420 0.0005872909167553594 0.053328204715052986 500 10.615711252653927
420 0.0004887454433135245 0.05083952051091076 600 10.186757215619693
420 0.00045097478414981337 0.020282151254461568 700 10.014306151645206
420 0.00038468458803217123 0.029485366436749455 800 10.062893081761006
430 0.0008288861798657046 0.1377646291536475 100 10.416666666666664
430 0.0007410957227035187 0.1576448335250868 200 10.526315789473685
430 0.0006886278937808212 0.1311028665911215 300 9.868421052631579
430 0.00045172274560117986 0.06816860486471582 400 10.443864229765012
430 0.00062093855461436 0.05450443829895288 500 10.638297872340425
430 0.00048827234928475324 0.04437632603277015 600 10.186757215619693
430 0.0004307835235755626 0.018453004918049996 700 9.97150997150997
430 0.0003731269526607364 0.03482582066507756 800 10.088272383354349
440 0.001104610501475224 0.12328251126580662 100 10.309278350515463
440 0.000798574672000572 0.16716023072419273 200 10.526315789473685
440 0.0006928844276834423 0.1245849690610307 300 9.900990099009901
440 0.000455363871037835 0.06337903906026214 400 10.526315789473685
440 0.000639431254382564 0.05758343542790747 500 10.683760683760683
440 0.0004927553709700868 0.038959928556975686 600 10.186757215619693
440 0.0004264831883599093 0.01811196539848792 700 9.943181818181817
440 0.00037395970691449806 0.0391691128873745 800 10.126582278481013
450 0.0009467400784025277 0.1280318672141521 100 10.309278350515463
450 0.0007630666992603637 0.17003581830273656 200 10.416666666666664
450 0.0005873632017987007 0.10929071891866485 300 9.933774834437084
450 0.00040726375579813506 0.05483931217680794 400 10.58201058201058
450 0.0006120618075114203 0.05583602547327733 500 10.683760683760683
450 0.00048365458815776595 0.029037609337198116 600 10.186757215619693
450 0.00040997291883177747 0.018591775847227245 700 9.943181818181817
450 0.00035795534117570354 0.042435376771133945 800 10.15228426395939
460 0.0007141154001320564 0.12201413939176982 100 10.309278350515463
460 0.0006706929078646539 0.163628313677531 200 10.256410256410257
460 0.0004899324909712215 0.09258367319681064 300 9.933774834437084
460 0.00038730470820078327 0.04911119735037451 400 10.638297872340425
460 0.0005777275952388887 0.055865848141548234 500 10.638297872340425
460 0.00047863578063289864 0.026212239055392893 600 10.169491525423728
460 0.0004022686587389064 0.022902147399087913 700 9.943181818181817
460 0.00035380863060384876 0.04381862582171697 800 10.178117048346055
470 0.0006905817176604271 0.11888677292582563 100 10.309278350515463
470 0.0006764667586742951 0.15859292698723848 200 10.050251256281406
470 0.00047699992107037457 0.0829854870606957 300 9.966777408637872
470 0.00041858517323907355 0.04584320791512843 400 10.638297872340425
470 0.0005430085258964761 0.05879853639830122 500 10.526315789473685
470 0.0005020448610677405 0.028570221405374976 600 10.152284263959391
470 0.0004135807170640455 0.025601148643616553 700 9.929078014184396
470 0.0003569525903059439 0.04521980169122948 800 10.204081632653061
480 0.0006936607549202728 0.11631727548322292 100 10.309278350515463
480 0.0006904151440982387 0.1512779815134148 200 9.852216748768473
480 0.00043928623483205495 0.07362955761192178 300 10.0
480 0.00045899699404135545 0.04315958150719668 400 10.610079575596815
480 0.0005345651586446656 0.05885992952873579 500 10.416666666666666
480 0.0004960291297393594 0.02916438796028846 600 10.135135135135135
480 0.000411216694181115 0.029301135138953813 700 9.929078014184396
480 0.00035181211162076467 0.04650796903360793 800 10.243277848911651
490 0.0006284537529790518 0.12320896225898371 100 10.204081632653061
490 0.0007033573877341319 0.1377907580434429 200 9.70873786407767
490 0.00041261397974598653 0.06679350848306126 300 10.06711409395973
490 0.00048350996023676924 0.04400855065029819 400 10.58201058201058
490 0.0005013473305713068 0.058376228550684896 500 10.309278350515465
490 0.0005017938395984365 0.032590851498012635 600 10.1010101010101
490 0.00041907595308214433 0.032998637782268525 700 9.929078014184396
490 0.0003476866218600885 0.04608619217579436 800 10.269576379974325
500 0.0005812683845396338 0.12652419783015106 100 10.309278350515463
500 0.0006848729858253058 0.12457153776396014 200 9.615384615384615
500 0.0004008508208376968 0.0604240017866362 300 10.135135135135135
500 0.0005234104049947568 0.04366730349229545 400 10.58201058201058
500 0.0004948724786525956 0.05444528035793038 500 10.183299389002036
500 0.0004962682405001145 0.03513541132646874 600 10.050251256281406
500 0.0004157589846047269 0.035839593445933765 700 9.943181818181817
500 0.0003493425849510607 0.04607262204923878 800 10.309278350515463
510 0.0006411910669365344 0.14019241936045626 100 10.309278350515463
510 0.0007509179816770049 0.11516670640546345 200 9.523809523809524
510 0.0004401754024273969 0.05283180981208099 300 10.204081632653061
510 0.0005774562503397036 0.045410032597682226 400 10.58201058201058
510 0.0005022505069720325 0.05357874665767381 500 10.1010101010101
510 0.0005090228787504742 0.03928209630711704 600 9.950248756218905
510 0.0004359683778601982 0.03937428579874774 700 9.97150997150997
510 0.00037846019477086107 0.048141192961269424 800 10.335917312661499
520 0.0006901146568323403 0.14773591456142549 100 10.416666666666664
520 0.0007163418800291128 0.1024400244873733 200 9.523809523809524
520 0.0004444570534433088 0.04418040844224844 300 10.344827586206897
520 0.0006131241973753145 0.04538653560624617 400 10.638297872340425
520 0.0005036010931541035 0.04920088167212231 500 10.1010101010101
520 0.0004730608265339678 0.03719867549785916 600 9.884678747940692
520 0.0004150373951037266 0.04354541480827265 700 10.0
520 0.000382371189698082 0.05042406359140447 800 10.38961038961039
530 0.0006517417516241427 0.1763862001844542 100 10.526315789473685
530 0.0006883508831967118 0.10011561285735457 200 9.56937799043062
530 0.0004266313788566346 0.04497045446557862 300 10.452961672473867
530 0.0006145719050150923 0.047957435350399404 400 10.695187165775401
530 0.0005049559754478764 0.044953025378490455 500 10.12145748987854
530 0.00046148547884964687 0.03553939095101977 600 9.852216748768472
530 0.00042755211207393286 0.044442009867370326 700 10.043041606886657
530 0.00040114484877489215 0.04927704996889662 800 10.443864229765012
540 0.000515378518762288 0.19361428360904537 100 10.526315789473685
540 0.0006256235855905574 0.0974007678518859 200 9.661835748792269
540 0.00042603866922002185 0.05360795486192493 300 10.56338028169014
540 0.0006127907441951584 0.06002793386133751 400 10.75268817204301
540 0.0005329643286640899 0.048299384822493914 500 10.12145748987854
540 0.00047134999992674636 0.03694271314655399 600 9.852216748768472
540 0.00043719477263967963 0.042146549152711967 700 10.086455331412102
540 0.0004140363686201269 0.04447549230470006 800 10.484927916120578
550 0.0005992417997223778 0.19158143275715525 100 10.309278350515463
550 0.0005750698273013468 0.0794021689475718 200 9.70873786407767
550 0.000446844013244336 0.046995818015498084 300 10.676156583629894
550 0.0006192439474864519 0.06414504764242399 400 10.75268817204301
550 0.0005682765241525424 0.04722127608352519 500 10.12145748987854
550 0.0004806951869823653 0.03644390622180057 600 9.868421052631579
550 0.000439385676072687 0.04386048068206649 700 10.130246020260492
550 0.00041952082110398965 0.04581692586983735 800 10.526315789473685
560 0.0006881740647109376 0.1907221505396706 100 9.80392156862745
560 0.0005377232967699987 0.06809551645530974 200 9.70873786407767
560 0.00046447128008734193 0.04408895447861523 300 10.714285714285714
560 0.0006073167015142141 0.06584442786091814 400 10.638297872340425
560 0.0005613373187753678 0.04445353138716919 500 10.1010101010101
560 0.00046831682544057877 0.03466653671811514 600 9.852216748768472
560 0.00042893323716175014 0.04425099944152991 700 10.15965166908563
560 0.0004185574126169034 0.045565758962526584 800 10.554089709762533
570 0.0006661815028132264 0.17751928722811436 100 9.523809523809524
570 0.000514197852358232 0.06134739553318035 200 9.75609756097561
570 0.0005083339532758554 0.045680145966990444 300 10.676156583629894
570 0.0005779821754191887 0.0695047217884595 400 10.498687664041995
570 0.0005677234669737187 0.04415127811903644 500 10.080645161290322
570 0.00046830452131271626 0.033313196783158965 600 9.852216748768472
570 0.00041842467618046544 0.042295329516064586 700 10.189228529839884
570 0.00042846187075213315 0.04268497134608944 800 10.596026490066226
580 0.0007465139743503244 0.16193734606993743 100 9.25925925925926
580 0.0004649394123575046 0.055836181678231435 200 9.852216748768473
580 0.0005281473738818711 0.04605387070622072 300 10.676156583629894
580 0.0005786299225523757 0.06917548929190465 400 10.362694300518134
580 0.0005652993077761235 0.04303932995918568 500 10.060362173038229
580 0.0004687698470011567 0.03266436887911638 600 9.852216748768472
580 0.00041633382450398366 0.03907995442459805 700 10.23391812865497
580 0.0004306125909714753 0.03908646513940197 800 10.624169986719789
590 0.0008192614457373477 0.135392742686754 100 9.009009009009008
590 0.0004652659787305173 0.04806302003813119 200 9.950248756218905
590 0.0005608199329120026 0.04696431844382175 300 10.638297872340425
590 0.0005468057959976243 0.06698874024113233 400 10.204081632653061
590 0.0005658937207897749 0.04441402910993938 500 10.020040080160319
590 0.00046358146670862185 0.033345140130267674 600 9.852216748768472
590 0.00040637704014678154 0.03771245154953466 700 10.263929618768328
590 0.00044078401416174995 0.037810278401852755 800 10.652463382157123
600 0.0010060881105662268 0.10736674505941503 100 8.849557522123893
600 0.0005498187138068287 0.047680302250110496 200 10.050251256281406
600 0.0006491172836738141 0.061015800797613186 300 10.600706713780918
600 0.0005645065100294068 0.07556915580720455 400 10.075566750629722
600 0.0006057041406814078 0.054392102810594374 500 9.92063492063492
600 0.0005127821518813349 0.03684848807863566 600 9.868421052631579
600 0.00044018831534550946 0.03693166264427578 700 10.294117647058824
600 0.00047463763597465204 0.03712138375633398 800 10.695187165775401
610 0.00102812352821774 0.07650863098750897 100 8.695652173913043
610 0.0005784433795370384 0.04640153182775293 200 10.15228426395939
610 0.0006812500560651996 0.06853009155270769 300 10.638297872340425
610 0.0005729197284689028 0.07486019405738437 400 10.0
610 0.0005904123833067016 0.05481120703861763 500 9.803921568627452
610 0.0005087712804145422 0.03988511337038569 600 9.900990099009901
610 0.00045759384314769544 0.03747661966153327 700 10.3397341211226
610 0.00046466146977920724 0.03647182511066905 800 10.72386058981233
620 0.0010985932250518078 0.05123958142290163 100 8.695652173913043
620 0.0006110576298916531 0.051922947554473645 200 10.309278350515463
620 0.0007124263875878815 0.07894303398405961 300 10.676156583629894
620 0.0006020997636052384 0.07670841291596357 400 10.0
620 0.0005627052789142672 0.05459848248969505 500 9.727626459143968
620 0.0005211893087488899 0.0421453393543882 600 9.933774834437084
620 0.0004848713042815128 0.03669919894585879 700 10.385756676557863
620 0.00047935887521914774 0.034548927280119185 800 10.767160161507404
630 0.0011615205642298936 0.03742440020737256 100 8.771929824561402
630 0.0006582486783129629 0.06304291996717458 200 10.471204188481675
630 0.0007318303131139517 0.09145844114802854 300 10.75268817204301
630 0.0006523482705059509 0.0803251811586128 400 10.0
630 0.000583090573095585 0.056676172647445185 500 9.70873786407767
630 0.0005443093573441418 0.0442327645703246 600 9.983361064891847
630 0.0005074373892356836 0.035623504991050665 700 10.447761194029852
630 0.0005061103473982496 0.0331104289494613 800 10.81081081081081
640 0.0011456319329284858 0.04372559607703464 100 8.928571428571427
640 0.0006899028947900326 0.0744734206743572 200 10.638297872340425
640 0.0007351082325943685 0.1021528495244195 300 10.830324909747292
640 0.000706719851732774 0.08290738119272426 400 10.025062656641603
640 0.0005983025828035144 0.05716888940872018 500 9.727626459143968
640 0.0005537158740206168 0.0451676674501132 600 10.03344481605351
640 0.0005157707106851159 0.03479652343099456 700 10.494752623688155
640 0.0005106503442836016 0.030771964380535404 800 10.869565217391303
650 0.0011530674189416002 0.060220826823970085 100 9.174311926605505
650 0.00073552817716094 0.08419325531002327 200 10.869565217391303
650 0.0007505000996964578 0.1111832013317973 300 10.869565217391305
650 0.0007329983248451667 0.08490907604207328 400 10.075566750629722
650 0.0006057458319013284 0.057205331662645346 500 9.765625
650 0.0005594814219599939 0.04579522364361627 600 10.1010101010101
650 0.0005212879875656763 0.034255963037092066 700 10.574018126888218
650 0.0005244923754757901 0.02863545711326203 800 10.92896174863388
660 0.0011303363142080736 0.07135862465429248 100 9.433962264150942
660 0.0007612024696731917 0.0887751602943464 200 11.11111111111111
660 0.0007398383042544468 0.11344871966364628 300 10.869565217391305
660 0.0007241196995657353 0.08352649446676351 400 10.126582278481013
660 0.0006008345084394498 0.05500674492289053 500 9.823182711198427
660 0.0005536353300131422 0.044841499654331415 600 10.186757215619693
660 0.0005278675219970514 0.032613260442476644 700 10.638297872340425
660 0.0005348293838650569 0.024465215024479445 800 11.004126547455295
670 0.000968004053611023 0.06614944981628526 100 9.80392156862745
670 0.0006936021267901663 0.07908738015032166 200 11.299435028248588
670 0.0006709381537417304 0.10005938633787727 300 10.830324909747292
670 0.0006916820693091072 0.0722705714782502 400 10.178117048346055
670 0.0005727564105630182 0.046415576285637854 500 9.881422924901186
670 0.0005157752993147692 0.04148621676705428 600 10.256410256410257
670 0.0005122362211196699 0.030189090547343155 700 10.719754977029098
670 0.0005192475210147241 0.021843343540046023 800 11.065006915629322
680 0.0008764909067472364 0.062325703925474096 100 10.1010101010101
680 0.000669397979066106 0.07395788784344973 200 11.363636363636363
680 0.0006373564037227767 0.09345648817091452 300 10.79136690647482
680 0.000663885714009234 0.06446851564105369 400 10.230179028132993
680 0.0005447040700432106 0.03989517436498142 500 9.92063492063492
680 0.0005061002706904051 0.03660077782010753 600 10.344827586206897
680 0.0005087698770740662 0.02589342089572511 700 10.785824345146379
680 0.0005153723304893358 0.01756682236675891 800 11.142061281337048
690 0.0008421852318762366 0.05342844747100903 100 10.526315789473685
690 0.000649107900628037 0.06941488026721912 200 11.494252873563218
690 0.0005917779425360739 0.08413881929511419 300 10.714285714285714
690 0.0006412500731578031 0.05682733768763348 400 10.256410256410257
690 0.0005294293472423272 0.0334895474584438 500 9.9601593625498
690 0.0004922956539369669 0.028328974519649178 600 10.416666666666666
690 0.0005024488783649873 0.01960893709645823 700 10.852713178294573
690 0.0005260155911590067 0.015163381785995952 800 11.204481792717086
700 0.0007076303591986248 0.04443046950251566 100 10.869565217391303
700 0.0005925468651355922 0.05490707814168024 200 11.560693641618496
700 0.0005128796075312014 0.06658657543488435 300 10.600706713780918
700 0.0005914784554047603 0.04349911770844133 400 10.282776349614394
700 0.0004835559636332004 0.022639436493577407 500 10.020040080160319
700 0.00045335891035816424 0.021002877631223354 600 10.489510489510488
700 0.000488142380839 0.014823171884328466 700 10.920436817472698
700 0.0005130752902522893 0.01578101448170285 800 11.267605633802816
710 0.0006927296289146264 0.04168955200646809 100 11.363636363636363
710 0.00056764173832864 0.049694647198812836 200 11.695906432748536
710 0.0004574639312306859 0.05883594373681952 300 10.526315789473685
710 0.0005717286981704029 0.039100365309950716 400 10.230179028132993
710 0.0004921735948524482 0.019304965548745997 500 10.080645161290322
710 0.0004497882073136451 0.01798270401054933 600 10.56338028169014
710 0.000497479857202671 0.01394100821906059 700 10.989010989010989
710 0.000504902557710418 0.018380393318330853 800 11.331444759206798
720 0.0006344966573488919 0.03797208121325812 100 11.764705882352942
720 0.0005772372770874415 0.042550476153153216 200 11.834319526627217
720 0.0004380146725264969 0.047494989379907995 300 10.489510489510488
720 0.0005543631967454724 0.03106986679984745 400 10.126582278481013
720 0.0004780179893706032 0.015865866657802475 500 10.12145748987854
720 0.0004519930464246738 0.01618554946921927 600 10.619469026548673
720 0.00047081471862095946 0.012632880635643272 700 11.041009463722396
720 0.00048276191065868947 0.020011528518995014 800 11.396011396011396
730 0.0005054030094579122 0.03214339358467897 100 12.19512195121951
730 0.0006393788885867389 0.03903474531901016 200 11.904761904761905
730 0.00045189282664547924 0.03563281059280861 300 10.452961672473867
730 0.0004809132409934367 0.020664972159272463 400 10.0
730 0.000448925808519925 0.01538879050094074 500 10.183299389002036
730 0.00044040424359802433 0.017072529764054586 600 10.695187165775401
730 0.0004614963017444559 0.013282891894367117 700 11.09350237717908
730 0.00046835442168306036 0.02204783321040147 800 11.444921316165951
740 0.0005452594767575455 0.03883278106319977 100 12.658227848101266
740 0.0007197651862356889 0.04347221359346274 200 11.976047904191617
740 0.0005014591374379597 0.02686957263448501 300 10.416666666666666
740 0.00046802015129099593 0.010255756670394649 400 9.950248756218905
740 0.0004635086798212345 0.015314675323863186 500 10.224948875255622
740 0.00044693744751271147 0.019305223420758806 600 10.73345259391771
740 0.00047093498384795216 0.020141767469334652 700 11.146496815286623
740 0.0004636091102898051 0.0316490645088845 800 11.494252873563218
750 0.00047315038997065015 0.03438086860436278 100 12.987012987012987
750 0.0007648932409029674 0.04209043524892622 200 11.976047904191617
750 0.0005624992615493995 0.018307670424182566 300 10.416666666666666
750 0.00046871328227382345 0.006254946577731656 400 9.925558312655086
750 0.0004585760856730095 0.02475642515009628 500 10.266940451745379
750 0.00043504142054429996 0.023703936120132923 600 10.79136690647482
750 0.00046426247250146196 0.022830150234775432 700 11.182108626198083
750 0.00046057406375286697 0.02894144469099139 800 11.544011544011545
760 0.0004817134306288675 0.019730789364956595 100 13.157894736842104
760 0.0008052145527009735 0.03896222542038991 200 11.834319526627217
760 0.0005862928402715493 0.0213046795128968 300 10.344827586206897
760 0.0004649957723141522 0.01746780532599193 400 9.9009900990099
760 0.000448115301158395 0.03493660034534128 500 10.288065843621398
760 0.00042668033563851647 0.029348097872358453 600 10.830324909747292
760 0.0004699157883856929 0.025833866449330282 700 11.217948717948717
760 0.0004574984821038972 0.02479013661840156 800 11.577424023154846
770 0.0005675930919468319 0.021078269878188657 100 12.987012987012987
770 0.0007219226019220181 0.03706041150910202 200 11.363636363636363
770 0.0006145544842560114 0.027541470224718912 300 10.273972602739725
770 0.0004750629078965428 0.02436181234132219 400 9.852216748768473
770 0.00043111371315384653 0.04044044113569685 500 10.330578512396693
770 0.0004401367317982155 0.03251287116824421 600 10.849909584086799
770 0.0004671640820150423 0.027222525545447396 700 11.254019292604502
770 0.00046246963914453755 0.02250409272446371 800 11.611030478955007
780 0.0008058754584081795 0.02206150659064663 100 12.658227848101266
780 0.0007438028322018831 0.03973550483047716 200 10.92896174863388
780 0.0006346063962684044 0.03124561671526387 300 10.169491525423728
780 0.0004807514761090973 0.0298146599749782 400 9.828009828009828
780 0.000432111232576723 0.0426830781017581 500 10.351966873706003
780 0.0004497324359404975 0.03469007969056555 600 10.869565217391305
780 0.00047544896350270514 0.029154572137436646 700 11.272141706924316
780 0.0004710122292710154 0.024462498453609746 800 11.627906976744187
790 0.0010061536320476042 0.010298877418553619 100 12.048192771084336
790 0.0006633090684959856 0.03379123177790927 200 10.416666666666664
790 0.0006336435360055649 0.038262965904107035 300 10.03344481605351
790 0.00047281162653055314 0.03714697185182361 400 9.779951100244498
790 0.0004118674021899484 0.044370431241702854 500 10.373443983402488
790 0.0004604860794114973 0.0365906830643822 600 10.88929219600726
790 0.0004866250965156177 0.029616309812624284 700 11.290322580645162
790 0.00046220218167837253 0.02330695929194341 800 11.644832605531295
800 0.0012286234071922958 0.018873257526947337 100 11.764705882352942
800 0.0006213965875154064 0.026876225066767127 200 9.950248756218905
800 0.0006075191283883125 0.03899157685845873 300 9.74025974025974
800 0.0005019802274822902 0.04327562342805221 400 9.75609756097561
800 0.00043074088566125976 0.04494333380000421 500 10.373443983402488
800 0.00046863444580720696 0.0375358341267769 600 10.88929219600726
800 0.00047308538458254717 0.0284409832980475 700 11.308562197092083
800 0.00047672444820277083 0.022656291770995707 800 11.611030478955007
810 0.0014132343851211437 0.025923012468895813 100 11.363636363636363
810 0.0006077105496276264 0.028297516283701606 200 9.661835748792269
810 0.0005484400860786576 0.026649023178844967 300 9.404388714733543
810 0.00047011171002718966 0.04578537267007686 400 9.732360097323602
810 0.000447139106758728 0.04237515082209172 500 10.395010395010395
810 0.00046681935174596096 0.03380714620765772 600 10.88929219600726
810 0.00046996921437925104 0.02336140233293689 700 11.308562197092083
810 0.000515585569841415 0.0213753635473215 800 11.510791366906474
820 0.0015166302049297187 0.036252757355403835 100 11.11111111111111
820 0.0006784451455316699 0.03296291859587726 200 9.47867298578199
820 0.000542939944901762 0.03344532176542387 300 9.202453987730062
820 0.0005060868268881552 0.05144785800420782 400 9.70873786407767
820 0.00047149102212688197 0.04259084927607409 500 10.395010395010395
820 0.0004913485932019923 0.03521030836745473 600 10.909090909090908
820 0.000472745986200194 0.021010175202565026 700 11.326860841423947
820 0.000577311296272218 0.02639641865096774 800 11.267605633802816
830 0.0015045795046429303 0.04725666134532002 100 10.75268817204301
830 0.0007577619100582697 0.04563976207910496 200 9.345794392523363
830 0.0005518312638504416 0.04143723257003345 300 9.118541033434651
830 0.0004969836097327528 0.056891629758877606 400 9.732360097323602
830 0.00046773754972970823 0.04528982908005902 500 10.416666666666666
830 0.0004948243493631802 0.03663711258323363 600 10.909090909090908
830 0.0004856270926403035 0.01784073088113367 700 11.345218800648297
830 0.0005575818833281327 0.024238098430876372 800 11.11111111111111
840 0.0012497141446630982 0.040272096284348954 100 10.204081632653061
840 0.0007372839984236748 0.05597277043296059 200 9.25925925925926
840 0.0005406682552918256 0.04792730890521862 300 9.090909090909092
840 0.000486122703237218 0.06215607081511036 400 9.75609756097561
840 0.00047619057959173667 0.04844211449611458 500 10.4384133611691
840 0.0005050805633470693 0.03693946906079115 600 10.94890510948905
840 0.0004933056081933469 0.013966246282692529 700 11.382113821138212
840 0.0005549053173131101 0.014538437805517123 800 11.03448275862069
850 0.0008917601270591037 0.034133779889223795 100 9.70873786407767
850 0.0007443291040440138 0.06069835378086518 200 9.216589861751151
850 0.0005483577762976435 0.04967864933402633 300 9.090909090909092
850 0.00048654167264227966 0.06270355456240066 400 9.80392156862745
850 0.0005015043651493842 0.04888821543832823 500 10.504201680672269
850 0.0005248554541431621 0.03721014351387894 600 11.009174311926605
850 0.0005177710641738354 0.018377320873358156 700 11.419249592169656
850 0.000558659728875572 0.00983770040979241 800 10.973936899862824
860 0.0008910546520884137 0.031188437242268375 100 9.433962264150942
860 0.0007831017399891339 0.0662793871104634 200 9.216589861751151
860 0.0006033184289694262 0.05543111206134596 300 9.118541033434651
860 0.0005267384232806513 0.06417650197507037 400 9.9009900990099
860 0.0005324993128039521 0.053749206765615815 500 10.570824524312895
860 0.000563478370506481 0.043251653971658546 600 11.07011070110701
860 0.0005471517309221204 0.032001165964497015 700 11.494252873563218
870 0.0009025250600153806 0.027551241093281078 100 9.009009009009008
870 0.0008294267672440134 0.0696895915237293 200 9.174311926605505
870 0.0006371923294510953 0.058850048825145954 300 9.146341463414632
870 0.0005551654557512343 0.0648954685105286 400 9.975062344139651
870 0.000576014549995561 0.059424915215082655 500 10.638297872340425
870 0.0006043508288462142 0.051098199303734486 600 11.131725417439702
870 0.0005674853155018334 0.04656684519589432 700 11.532125205930807
880 0.0009906426888080344 0.014690053713280811 100 8.620689655172413
880 0.0009213361212732322 0.06423968065357599 200 9.009009009009008
880 0.0007373174359914365 0.05868967986182555 300 9.174311926605505
880 0.0006292316899481113 0.06401496561606429 400 10.025062656641603
880 0.0006527117727672843 0.06563287422574635 500 10.683760683760683
880 0.0006520642012799767 0.062403278786691864 600 11.194029850746269
880 0.0006196683174368703 0.067245871259731 700 11.570247933884298
890 0.0010806002758969307 0.023861354527712642 100 8.403361344537815
890 0.0010373152337182136 0.06055143419560907 200 8.73362445414847
890 0.0007992850516746199 0.06456542899312813 300 9.202453987730062
890 0.0007058830260054647 0.06964887163809504 400 10.1010101010101
890 0.0006809326454106368 0.07508605774512131 500 10.729613733905579
890 0.0006778106067230053 0.0762174813807227 600 11.235955056179774
890 0.0006925424878578097 0.08524922348850657 700 11.570247933884298
900 0.001275193180493471 0.03802357809450482 100 8.264462809917354
900 0.0010069100385952142 0.06624651936007547 200 8.51063829787234
900 0.0008724884571812453 0.07198400913222554 300 9.25925925925926
900 0.0007717225537635971 0.07878556852278379 400 10.15228426395939
900 0.0007431167239020092 0.08602462761992101 500 10.775862068965516
900 0.0007174895094188741 0.09231421037028463 600 11.278195488721805
900 0.0007635415476995509 0.10523832554559269 700 11.419249592169656
910 0.001557639638287615 0.053121018878537624 100 8.130081300813007
910 0.0010734297363228858 0.07189897078313141 200 8.403361344537815
910 0.0009246721197048386 0.08061361994548989 300 9.287925696594426
910 0.0007929191112614158 0.08646768174976564 400 10.204081632653061
910 0.0007830441935322041 0.0938852746300387 500 10.822510822510822
910 0.0007394189167535804 0.10201288645392757 600 11.320754716981131
910 0.000855725543082877 0.11497073771637413 700 11.217948717948717
920 0.001730476610092156 0.07896268310514143 100 8.130081300813007
920 0.0010880546769543096 0.0794397757183723 200 8.403361344537815
920 0.0009336538368031016 0.09100308587085298 300 9.345794392523365
920 0.0007972711277208816 0.09404337887207674 400 10.256410256410257
920 0.0007989050315906823 0.09893619475949746 500 10.893246187363832
920 0.0007502293458185799 0.10530680370349829 600 11.406844106463877
920 0.0008334624160560337 0.1094391143112712 700 11.128775834658187
930 0.0016573307743917398 0.09234297570406642 100 8.264462809917354
930 0.0010717864451492349 0.08744604023863596 200 8.47457627118644
930 0.0009100722750563561 0.10196419295091169 300 9.46372239747634
930 0.0007781261867707058 0.10322576275121012 400 10.38961038961039
930 0.0007958689525553728 0.10680279243392671 500 10.989010989010989
930 0.0007428733587530631 0.11152705153946398 600 11.494252873563218
930 0.0008192541866956333 0.10295400879296526 700 11.128775834658187
940 0.0014653813722756862 0.09160809507832368 100 8.403361344537815
940 0.000988965195849672 0.08150705916566249 200 8.583690987124463
940 0.0008239205910805449 0.09969956693745737 300 9.615384615384615
940 0.0007319605765034 0.10086297569268803 400 10.526315789473685
940 0.000745520433422847 0.10363823171540089 500 11.11111111111111
940 0.0007107381249078097 0.1088017721905864 600 11.60541586073501
940 0.0007832104731453653 0.09231639789990986 700 11.146496815286623
950 0.001278928590231526 0.08786415367905319 100 8.620689655172413
950 0.0008550557233934745 0.06757328315420004 200 8.73362445414847
950 0.0007361186943445492 0.08797245871699828 300 9.771986970684038
950 0.0006797195383683897 0.08604894756912339 400 10.666666666666666
950 0.0007067108307275183 0.08752758491174796 500 11.235955056179776
950 0.0006739339231738138 0.09295326039217647 600 11.71875
950 0.0007387201059184063 0.07258121785181335 700 11.146496815286623
960 0.0011485961157437954 0.08296627528763993 100 8.849557522123893
960 0.0007935033754830537 0.060845499331219244 200 8.849557522123893
960 0.0007160239539700831 0.08163706401783397 300 9.933774834437084
960 0.0006574551638397646 0.08293605498056043 400 10.78167115902965
960 0.0007064126083565659 0.08745278150663392 500 11.363636363636363
960 0.0006756828301453594 0.09838798213428658 600 11.834319526627219
960 0.0007391146075815067 0.07611707048649347 700 11.146496815286623
970 0.0010648918060368214 0.09101042718840839 100 9.009009009009008
970 0.0007229269593380755 0.05441228661284605 200 8.968609865470851
970 0.000662525239130266 0.07241283688478509 300 10.1010101010101
970 0.0006270722503564223 0.07207948003736848 400 10.92896174863388
970 0.0006973596644512176 0.07782614874375236 500 11.494252873563218
970 0.0006561005233107566 0.0907445925820428 600 11.952191235059761
980 0.001050483300574497 0.08883166926631934 100 9.25925925925926
980 0.0006758151694210885 0.05071182787610704 200 9.174311926605505
980 0.0006597399226286152 0.06913931829921781 300 10.273972602739725
980 0.0006481085565878145 0.07035306556498465 400 11.080332409972298
980 0.000713973279724604 0.08053624486663945 500 11.627906976744185
980 0.0006521236197745124 0.09688506894023269 600 12.072434607645874
990 0.0010280460995508334 0.08234025987108745 100 9.345794392523363
990 0.0006798051635779844 0.05316046331830773 200 9.345794392523363
990 0.0006568336301439362 0.06899228696850465 300 10.452961672473867
990 0.0006709273143859335 0.06998468337245843 400 11.235955056179774
990 0.000704940766209827 0.08265708523797348 500 11.792452830188678
990 0.0006488648257937674 0.10073468411918375 600 12.195121951219512
1000 0.0010173364017329743 0.06982539923178653 100 9.174311926605505
1000 0.0007371114693179145 0.05398410498427129 200 9.523809523809524
1000 0.0006577793591519249 0.06527241917935926 300 10.638297872340425
1000 0.0006531800382840746 0.06554496319840353 400 11.396011396011396
1000 0.0006817657642678434 0.07971192151814312 500 11.904761904761905
1000 0.0006601009742203734 0.09795832836277807 600 12.269938650306747
1010 0.0010256835094551399 0.02795564683760424 100 8.928571428571427
1010 0.0007121020205840083 0.04794244235265034 200 9.661835748792269
1010 0.0006414914956125795 0.05756513896291372 300 10.79136690647482
1010 0.0006261822274654613 0.05898537260705895 400 11.527377521613833
1010 0.000652910160300927 0.07431293873308677 500 12.048192771084338
1010 0.0006843868301279751 0.09361324032231302 600 12.295081967213113
1020 0.0007509756617318668 0.020320667654834333 100 8.695652173913043
1020 0.0007022781331185252 0.04931141143415716 200 9.75609756097561
1020 0.0006243889070563978 0.05518641268188625 300 10.94890510948905
1020 0.0006328382708997555 0.05876743705697098 400 11.627906976744187
1020 0.0006370485178203806 0.07555572700820315 500 12.135922330097086
1020 0.0007170155135958356 0.09795270874329663 600 12.170385395537524
1030 0.0006196798115574558 0.012383455218505228 100 8.620689655172413
1030 0.0006413504913549159 0.05014938337025514 200 9.9009900990099
1030 0.0005652595241839116 0.05235788925768526 300 11.07011070110701
1030 0.0006206762043836449 0.05843932923867123 400 11.730205278592376
1030 0.0006100418113229765 0.07543124419155386 500 12.224938875305622
1030 0.0008183781434174934 0.10014378278377667 600 11.952191235059761
1040 0.0005354815365735003 0.010333213264595657 100 8.620689655172413
1040 0.000583450076526226 0.05142340994109307 200 10.0
1040 0.0005109961432275927 0.05446041186768602 300 11.194029850746269
1040 0.0005998282308693348 0.062396615088124004 400 11.834319526627217
1040 0.0005905449764721265 0.08014070616492142 500 12.345679012345679
1040 0.0007754304175056985 0.09915940989319308 600 11.834319526627219
1050 0.0005489213268712836 0.014835918380248423 100 8.620689655172413
1050 0.0005871389559267912 0.052482875454032386 200 10.15228426395939
1050 0.0005087557928746961 0.05615635783871144 300 11.320754716981131
1050 0.0006255093562615313 0.06519623675131828 400 11.940298507462687
1050 0.0006063331061880024 0.08493425053417902 500 12.43781094527363
1050 0.0007789562253471854 0.0925066111858775 600 11.764705882352942
1060 0.0005815326416895395 0.02267615546195988 100 8.695652173913043
1060 0.0005742555705572424 0.057888966872407736 200 10.309278350515463
1060 0.0005156534298428235 0.0630669838842067 300 11.450381679389311
1060 0.0006289497831908963 0.07386468959967679 400 12.048192771084336
1060 0.0006156324169736808 0.09501591112206059 500 12.531328320802004
1060 0.0007782054182440996 0.09098335659432653 600 11.71875
1070 0.0005387641080440904 0.025249384456988263 100 8.771929824561402
1070 0.0005953697481701442 0.0603826136787277 200 10.471204188481675
1070 0.0005181077475594121 0.0643403613655748 300 11.583011583011581
1070 0.0006463266865029789 0.0765965313695576 400 12.158054711246201
1070 0.0006254208169614826 0.0985759745341369 500 12.626262626262626
1070 0.000766096116509844 0.08354802571926451 600 11.627906976744185
1080 0.0005329348407865955 0.029738719498219338 100 8.849557522123893
1080 0.0006007953791915273 0.06125729398031947 200 10.695187165775401
1080 0.0005220111897588232 0.06805307140985507 300 11.71875
1080 0.0006752060154547384 0.08252036689366596 400 12.307692307692308
1080 0.0006306421767549114 0.10576327680346749 500 12.755102040816325
1090 0.0005122777675416353 0.03258550072479046 100 9.009009009009008
1090 0.0006155848557024378 0.06477850024365464 200 10.869565217391303
1090 0.0005705248332851051 0.07084235321143022 300 11.904761904761903
1090 0.0006977876926506871 0.08751698160573036 400 12.461059190031152
1090 0.0006307226350481931 0.11155999282072804 500 12.853470437017993
1100 0.0005662892378788347 0.03345150659981892 100 9.345794392523363
1100 0.0006063664228314953 0.06442977178327443 200 11.173184357541897
1100 0.0005927513528912679 0.07036917720789578 300 12.096774193548386
1100 0.0006803736789183053 0.08872460468386426 400 12.658227848101266
1100 0.0006292590736616405 0.11343767400332302 500 12.987012987012987
1110 0.0005456132390410054 0.044276884444785995 100 9.80392156862745
1110 0.0005777368234066862 0.06238154452407478 200 11.560693641618496
1110 0.0005593287934105242 0.06359252415525714 300 12.396694214876032
1110 0.0006446612209459185 0.08277928853631764 400 12.861736334405144
1110 0.0006311326838274965 0.10626373683625413 500 13.157894736842104
1120 0.00044291568372540886 0.06503390535486185 100 10.309278350515463
1120 0.0004934385829638531 0.05886669241819299 200 11.976047904191617
1120 0.000513172847389508 0.05201005218562267 300 12.658227848101264
1120 0.0005958940626612323 0.06965765715020783 400 13.114754098360656
1120 0.0006394087626619704 0.0927234710300292 500 13.26259946949602
1130 0.0005936646013439047 0.08151460247386862 100 10.869565217391303
1130 0.0005601040616456354 0.06234086858755118 200 12.345679012345679
1130 0.0005822351702132173 0.054006063433641185 300 12.93103448275862
1130 0.00062888972067302 0.07267285583073523 400 13.333333333333334
1130 0.0006854053391919391 0.09662671476544514 500 13.26259946949602
1140 0.0006765634555427326 0.08383758987771465 100 11.235955056179774
1140 0.0005710625761936348 0.05709593959364904 200 12.658227848101266
1140 0.0006260506483499585 0.05238026427627292 300 13.157894736842104
1140 0.0006250657557622199 0.07188324821197399 400 13.559322033898304
1140 0.0008476117601445915 0.1021390989615241 500 13.054830287206265
1150 0.0006922912891663848 0.08307151792321721 100 11.627906976744187
1150 0.0005249158775980124 0.05420447658652572 200 12.903225806451612
1150 0.0006418380507901279 0.05260899012036515 300 13.333333333333334
1150 0.0006309635394650237 0.07456047398421861 400 13.6986301369863
1150 0.000866353213582432 0.10531152745308045 500 12.820512820512821
1160 0.0007536261853158216 0.08723084451938565 100 11.904761904761905
1160 0.0005353706050049036 0.059357259595783356 200 13.157894736842104
1160 0.0006880540234826246 0.06125159719655129 300 13.513513513513512
1160 0.0006579476769185154 0.08523710933840808 400 13.840830449826989
1160 0.0008659000996493301 0.10606144342378418 500 12.690355329949236
1170 0.0006308710045102428 0.09180010900788954 100 12.345679012345679
1170 0.0005058212338150556 0.05374611991631193 200 13.333333333333334
1170 0.000663555546618913 0.055338610448356945 300 13.6986301369863
1170 0.0006393393487588578 0.08028328182831754 400 13.986013986013985
1170 0.000844071757037559 0.08825265242479732 500 12.594458438287154
1180 0.000740817722367072 0.09799296568048069 100 12.658227848101266
1180 0.0005626552919236846 0.05871729301073559 200 13.605442176870747
1180 0.0007183029446407009 0.06621239342525931 300 13.824884792626726
1180 0.000676009810685278 0.0921301898257785 400 14.08450704225352
1180 0.0008480452970161859 0.08811258111890952 500 12.468827930174562
1190 0.0008232526352624976 0.08981994072712823 100 13.157894736842104
1190 0.0005673043801248451 0.06367837087203677 200 13.793103448275861
1190 0.0007728722150494753 0.07826766047214406 300 14.018691588785046
1190 0.0006919908926156812 0.10570148024890914 400 14.234875444839856
1200 0.0008763428983038467 0.08387223203000317 100 13.513513513513512
1200 0.0006918503399637851 0.0663333677786628 200 13.986013986013985
1200 0.0008177845141361105 0.08644706842445318 300 14.150943396226413
1200 0.0006999327945735949 0.11493818521185414 400 14.285714285714286
1210 0.0006784856149064681 0.06143148346815683 100 13.6986301369863
1210 0.0005909128911313545 0.049324483603385774 200 14.08450704225352
1210 0.0007012643815331403 0.07417459239456943 300 14.285714285714286
1210 0.0006644595360020659 0.1044919926306382 400 14.285714285714286
1220 0.000569270200803176 0.03737402609597442 100 13.88888888888889
1220 0.0005943597642854262 0.03117740145319045 200 14.184397163120567
1220 0.0006558148881189065 0.061452619161371375 300 14.354066985645932
1220 0.0007225048805035703 0.0955593508141336 400 13.986013986013985
1230 0.00042452899339899476 0.026604783039541693 100 14.08450704225352
1230 0.0006073749739561968 0.02660363511489408 200 14.285714285714286
1230 0.0006056749648109006 0.06270830236379618 300 14.423076923076923
1230 0.000976430385934113 0.10527221465906762 400 13.333333333333334
1240 0.0003895090945463832 0.022473985404990394 100 14.285714285714286
1240 0.0006547607861721842 0.02610311210052599 200 14.285714285714286
1240 0.0006233998923285477 0.06498945256198545 300 14.492753623188404
1240 0.0009108081864857123 0.09584528658407666 400 12.861736334405144
1250 0.0004666775893387846 0.023532587809700786 100 14.285714285714286
1250 0.0006809741030992932 0.03198417761800316 200 14.388489208633093
1250 0.0006452638076878896 0.07175767192053358 300 14.492753623188404
1250 0.0009119457170099117 0.08086906668291738 400 12.578616352201257
1260 0.0005613944834411823 0.02497654275006319 100 14.285714285714286
1260 0.0007162349482967526 0.033961391773510693 200 14.388489208633093
1260 0.0006564281783237472 0.0753838320209308 300 14.563106796116504
1260 0.0008762306015186562 0.06648377551027844 400 12.232415902140671
1270 0.0006854415897373121 0.023050937692635762 100 14.285714285714286
1270 0.0007958558751269848 0.034170456844027634 200 14.388489208633093
1270 0.0006499479844478748 0.0805225075690556 300 14.492753623188404
1280 0.0006966905692569258 0.019595191731639598 100 14.08450704225352
1280 0.0007445975045576058 0.0415503894358045 200 14.388489208633093
1280 0.0006709056707259579 0.0854277722491822 300 14.423076923076923
1290 0.0006402774847487572 0.022695105430442068 100 14.08450704225352
1290 0.0007066902676824863 0.05386241417833586 200 14.388489208633093
1290 0.000779364508954778 0.09761600450767653 300 13.953488372093023
1300 0.0008400122571558826 0.014864300517656722 100 14.08450704225352
1300 0.0007279985362053585 0.07020107914518497 200 14.388489208633093
1300 0.001203769226265284 0.12232267137660192 300 12.93103448275862
1310 0.0010163416000893587 0.026799987284038672 100 14.08450704225352
1310 0.0007917321735923259 0.08317023827092841 200 14.492753623188404
1310 0.0011496577251748406 0.1159347060710239 300 12.345679012345679
1320 0.0010803066095673617 0.047293683847145745 100 14.08450704225352
1320 0.0008238580796209058 0.09973366307223198 200 14.492753623188404
1320 0.0011736345740390333 0.10242820090992338 300 12.0
1330 0.0012331453804757771 0.06510258298238993 100 14.08450704225352
1330 0.0008571033596204426 0.11777599835949029 200 14.492753623188404
1330 0.0011762215780642424 0.08787178169681972 300 11.538461538461538
1340 0.0012284357816137025 0.07019559733459052 100 14.08450704225352
1340 0.0007753027765716982 0.12283159067029042 200 14.492753623188404
1350 0.0010059429912737477 0.07675277715942504 100 14.285714285714286
1350 0.0007601009050346169 0.12404725362251293 200 14.285714285714286
1360 0.0008522260036865173 0.08156455398190332 100 14.285714285714286
1360 0.000877072841863806 0.12931924854977692 200 13.605442176870747
1370 0.0006491290692645173 0.09474497116277196 100 14.492753623188404
1370 0.0014617790995820976 0.14656899062389928 200 12.269938650306749
1380 0.000588070712657829 0.10384564078500777 100 14.492753623188404
1380 0.0012767813634629705 0.12336775101610209 200 11.494252873563218
1390 0.0005881923576681781 0.11149864455430476 100 14.492753623188404
1390 0.001285167200833084 0.0990281057638125 200 11.049723756906076
1400 0.000517192281405452 0.13026795513199535 100 14.492753623188404
1410 0.00037132871193148943 0.14528450926710998 100 14.492753623188404
1420 0.0006973006678312739 0.14209109452067695 100 13.88888888888889
1430 0.0011818086289378108 0.17564947857605293 100 12.19512195121951
1440 0.0021814338789665016 0.17346519090187912 100 10.1010101010101
1450 0.0020962861050432815 0.1324511336741659 100 9.25925925925926
1460 0.0021250236893816023 0.0844813905707789 100 8.547008547008547
