0 0.002594093103301645 0.18882888591886654 100 7.633587786259541
0 0.000996579145777597 0.18727251996906347 200 7.782101167315174
0 0.0009048358364761552 0.20101448285296225 300 7.772020725388601
0 0.0007600484683354535 0.20130101396001085 400 8.146639511201629
0 0.000864074615331237 0.20765951586691747 500 8.051529790660226
0 0.000863143664469074 0.21272840968574364 600 7.957559681697612
0 0.0008162997938938015 0.21676179741094562 700 8.505467800729038
0 0.0009773181898708042 0.16625228311537782 800 8.528784648187631
10 0.0023391223845437275 0.1796192146573947 100 8.130081300813007
10 0.000919585057591232 0.1697125445886081 200 8.0
10 0.0008881405411239424 0.18222924190645984 300 7.936507936507936
10 0.0007427088132491745 0.18372747853796217 400 8.281573498964802
10 0.0008489190572315195 0.189638381909488 500 8.064516129032258
10 0.0008528586104971242 0.19503220255546877 600 8.042895442359248
10 0.0008072644877435522 0.19855982201553635 700 8.5995085995086
10 0.0009555264575641511 0.14761660879653613 800 8.592910848549945
20 0.0014993378698306733 0.13870193719760684 100 8.547008547008547
20 0.000619845297075876 0.10328244309052284 200 8.16326530612245
20 0.0008227872838323276 0.1156255660702593 300 8.064516129032258
20 0.0007128718090692837 0.12409591724161614 400 8.403361344537815
20 0.0008325099183563868 0.1299611707228611 500 7.974481658692184
20 0.000821099231181239 0.1362885160604805 600 8.130081300813009
20 0.000778365904184171 0.1372282932561976 700 8.674101610904584
20 0.0008830446732175734 0.08702550572431113 800 8.658008658008658
30 0.0014221142474097304 0.13401751914668647 100 8.928571428571427
30 0.0006080815994733569 0.1029895004839124 200 8.23045267489712
30 0.0008391724841566393 0.11166055248417886 300 8.152173913043477
30 0.0007306479302024539 0.11878922142450282 400 8.47457627118644
30 0.0008769237449747052 0.12261594816730938 500 7.898894154818325
30 0.0008296190530626012 0.12776970721521094 600 8.19672131147541
30 0.000784502425175821 0.1283558886262796 700 8.75
30 0.0008730408834203973 0.07540335255295581 800 8.686210640608033
40 0.0012637680122995138 0.1307625878182707 100 9.009009009009008
40 0.0006128215072340563 0.10249624232366941 200 8.23045267489712
40 0.0008209917741045642 0.10761094709959407 300 8.174386920980925
40 0.0007075983798578998 0.11381601495182539 400 8.528784648187631
40 0.0008789562697054754 0.11756171144249579 500 7.861635220125786
40 0.000818683796467178 0.12113572742130821 600 8.241758241758243
40 0.0007774629524318981 0.12155326441968566 700 8.79396984924623
40 0.0008457433533633374 0.06204973455185358 800 8.629989212513484
50 0.000861554755246944 0.11348371963761286 100 9.090909090909092
50 0.0006029411492414758 0.08371295123169699 200 8.19672131147541
50 0.0007876544087425891 0.0889021316036604 300 8.19672131147541
50 0.000729509226476598 0.09991555861734662 400 8.547008547008547
50 0.0008703492493624222 0.10332167931007767 500 7.861635220125786
50 0.0008088814782806867 0.103906875357316 600 8.287292817679557
50 0.000772137039814238 0.10251724624216099 700 8.816120906801007
50 0.0008014817427904375 0.033970226978382694 800 8.333333333333334
60 0.0005416097655796307 0.050937688112946716 100 9.174311926605505
60 0.0006820575384289737 0.05478245765842305 200 8.16326530612245
60 0.0008678697526875513 0.08132032227569716 300 8.219178082191782
60 0.0008508864654217527 0.10968822692169924 400 8.547008547008547
60 0.0008835974373267452 0.1116487833314626 500 7.861635220125786
60 0.0008095252162420414 0.10438071381907038 600 8.333333333333334
60 0.0007633025576988955 0.09413380756125221 700 8.80503144654088
60 0.0007542516254295662 0.031781760180059855 800 8.281573498964802
70 0.0006529082333707196 0.013825555602138358 100 9.174311926605505
70 0.0008332088415216911 0.06119805931974672 200 8.16326530612245
70 0.000909540126456202 0.09124060436578943 300 8.264462809917354
70 0.0009127582617226984 0.12155183434581827 400 8.528784648187631
70 0.0008904906190447883 0.120975127728159 500 7.886435331230283
70 0.0008110167281994533 0.10796039996560713 600 8.391608391608392
70 0.000806559913491536 0.09137265197259015 700 8.73907615480649
70 0.0007256534689261496 0.04802518791650482 800 8.281573498964802
80 0.0006160857043652308 0.009809258728870401 100 9.174311926605505
80 0.0009027925767354663 0.07375880312694642 200 8.130081300813007
80 0.000927690693790096 0.10257261822849072 300 8.287292817679557
80 0.000904406547129542 0.12976053190929077 400 8.492569002123142
80 0.0008901609428339787 0.12758345559685444 500 7.911392405063291
80 0.0008045616199593363 0.11017525285456173 600 8.438818565400842
80 0.0008748541115358496 0.08596741836184259 700 8.695652173913043
80 0.0007063455464215558 0.055508078525749606 800 8.290155440414507
90 0.0007461542052280642 0.024070387422464562 100 8.928571428571427
90 0.0009655177065543977 0.08579526677968648 200 8.032128514056224
90 0.0009704849403394986 0.11373192220297777 300 8.264462809917354
90 0.0008923897840551085 0.13674682164579188 400 8.438818565400842
90 0.0008984714567366655 0.13157054153649628 500 7.923930269413629
90 0.0008048418377309537 0.11001525416415127 600 8.474576271186441
90 0.0008621366485988608 0.07876464914239678 700 8.663366336633661
90 0.0006927753766046518 0.06175421393604944 800 8.281573498964802
100 0.0008479924090024621 0.047390058104773126 100 8.695652173913043
100 0.001047196413213938 0.09720689174488072 200 7.936507936507936
100 0.0010004800979040813 0.12315305036763062 300 8.264462809917354
100 0.0008936790277376469 0.1403080219046915 400 8.368200836820083
100 0.0009010569537097487 0.13297141003630114 500 7.936507936507937
100 0.0008194414989817236 0.10937339726323368 600 8.522727272727272
100 0.0008664830499560268 0.07365635846588085 700 8.641975308641975
100 0.0006861140723596261 0.0676804730218962 800 8.273009307135471
110 0.0009809681121480524 0.0732221103278501 100 8.403361344537815
110 0.0010847206587816375 0.11098073567487178 200 7.874015748031495
110 0.0010063162271875287 0.13325958788810366 300 8.264462809917354
110 0.0009872178715021693 0.14115803051945142 400 8.316008316008316
110 0.000879196875518738 0.1334051060354248 500 7.949125596184419
110 0.0008204558157318232 0.10877433354480248 600 8.559201141226819
110 0.0008466995099337802 0.07317844433721363 700 8.641975308641975
110 0.0006619156833835599 0.08143535735872318 800 8.273009307135471
120 0.0010398873293920598 0.08726252617240188 100 8.064516129032258
120 0.0011612589861036899 0.1178158098532844 200 7.8431372549019605
120 0.0009813983694368772 0.1368021681307846 300 8.264462809917354
120 0.0009889549020596793 0.13835670368617073 400 8.264462809917354
120 0.0008634501546215079 0.12793769978221262 500 7.974481658692184
120 0.0008042495730620538 0.10326698420519011 600 8.60832137733142
120 0.000827288278311566 0.06938002016974454 700 8.641975308641975
120 0.000644572238737678 0.0873379204188234 800 8.273009307135471
130 0.0009919015954049902 0.08642940760766799 100 7.8125
130 0.0011374471441410966 0.11440853628736526 200 7.782101167315174
130 0.0009376716120437273 0.1309807567172416 300 8.287292817679557
130 0.0009501629036017438 0.12662229064054492 400 8.113590263691682
130 0.0008826474756587958 0.11763272780643313 500 8.0
130 0.0008141023339803687 0.09383087130258368 600 8.658008658008658
130 0.0008378027347086262 0.058278284097555554 700 8.652657601977749
130 0.0006592941856689293 0.08419413655151933 800 8.255933952528379
140 0.0008693511592432245 0.08883956363851805 100 7.575757575757575
140 0.0011035403462813893 0.11233091049849542 200 7.782101167315174
140 0.0009127976272409581 0.12824478154879887 300 8.310249307479223
140 0.0009492028702569745 0.1195372881460315 400 7.677543186180422
140 0.0008700155455624246 0.11014596731050383 500 8.038585209003216
140 0.0008058081977311714 0.0882155019215133 600 8.695652173913043
140 0.0008207512480040421 0.05171911563675762 700 8.641975308641975
140 0.0006509529872748915 0.08442090595568333 800 8.18833162743091
150 0.0007932048289055259 0.09100869758343638 100 7.462686567164179
150 0.0010811457463558087 0.1069022723463075 200 7.751937984496124
150 0.0008644627101132074 0.12003132397558985 300 8.333333333333334
150 0.0009411819077603806 0.11005679205088965 400 7.604562737642586
150 0.0008526053850051082 0.09803646871827326 500 8.090614886731391
150 0.0007974424057873033 0.07906954945150625 600 8.73362445414847
150 0.0008027228935621829 0.045420407329512254 700 8.536585365853659
150 0.0006450247294280189 0.08777260228064153 800 7.662835249042145
160 0.0007650434071321033 0.09396244990728114 100 7.352941176470588
160 0.0010553439159926418 0.10037337474789189 200 7.782101167315174
160 0.0009116978795955707 0.11330376139223762 300 8.356545961002785
160 0.0009628423905282626 0.10266434091284284 400 7.575757575757575
160 0.000866397305371178 0.08817481252535796 500 8.130081300813009
160 0.0008103295664725871 0.07254893650588577 600 8.75912408759124
160 0.0008017782039431306 0.039652372681058284 700 8.2063305978898
170 0.0008872107525000706 0.09842894061534788 100 7.2992700729927
170 0.0010997493684195133 0.09236263584300548 200 7.8125
170 0.0010054235377440779 0.10902541005634676 300 8.333333333333334
170 0.0009937199200662995 0.09697109056071607 400 7.575757575757575
170 0.0008830950140938365 0.08084971395699363 500 8.183306055646481
170 0.0008230879305080217 0.06885545729976415 600 8.708272859216255
170 0.0008043521674426903 0.034944040816824985 700 8.158508158508157
180 0.0010453939609595998 0.10338096240070302 100 7.246376811594202
180 0.0010571216678656808 0.09220877188279951 200 7.8431372549019605
180 0.0010256169775764482 0.1083183084113026 300 8.287292817679557
180 0.0009850842339654072 0.09476132076455503 400 7.604562737642586
180 0.00086939638621996 0.07651811665785035 500 8.237232289950576
180 0.0009016210358525806 0.06314720295765779 600 8.633093525179856
180 0.0007828096966568882 0.039929293870048836 700 8.149010477299184
190 0.0013735570857729424 0.1081732210144116 100 7.194244604316546
190 0.0011870214217069147 0.09885698103341625 200 7.874015748031495
190 0.0010657073351212163 0.11347719162390589 300 8.264462809917354
190 0.001042347589446127 0.0999351461861611 400 7.633587786259541
190 0.0009090309358766318 0.07801889181435445 500 8.305647840531561
190 0.0010027494764746903 0.05707469227274117 600 8.595988538681949
190 0.0007922109657653801 0.04288248833247879 700 8.158508158508157
200 0.0014605184368350554 0.11175142995753547 100 7.194244604316546
200 0.001225352448080507 0.10032116574087695 200 7.905138339920948
200 0.0010771913017971087 0.11209313955956726 300 8.264462809917354
200 0.001079394476699652 0.0977333210508049 400 7.677543186180422
200 0.0009338222914106651 0.07657838227957652 500 8.375209380234505
200 0.0010268522944613678 0.053049486469097025 600 8.595988538681949
200 0.0008136698374147825 0.0380702348454192 700 8.177570093457943
210 0.0014346765921223407 0.10445482308453276 100 7.246376811594202
210 0.0011931048905420322 0.09471723786805848 200 7.96812749003984
210 0.0010132223188802929 0.10219432008905048 300 8.241758241758243
210 0.0010618052320577824 0.08987274553085908 400 7.722007722007722
210 0.0009320478092809232 0.07316288531245779 500 8.445945945945946
210 0.0010450545769571896 0.04777216615888948 600 8.60832137733142
210 0.0008092993163722368 0.03978403564081443 700 8.19672131147541
220 0.0014892958295360315 0.10160697867179083 100 7.2992700729927
220 0.0012028679965072969 0.09533543833625784 200 8.064516129032258
220 0.0011193550054823132 0.10071907982212194 300 8.241758241758243
220 0.0010343777373921625 0.08753215961498217 400 7.766990291262136
220 0.0009188422918654011 0.06952493631184592 500 8.517887563884157
220 0.0010138410061773853 0.03511032067250215 600 8.633093525179856
220 0.0007840995287374999 0.05165825736808462 700 8.225616921269093
230 0.0015257490666133623 0.0971150166861757 100 7.352941176470588
230 0.0012192880531045295 0.0881453117796393 200 8.16326530612245
230 0.001219670539313347 0.08808765005831613 300 8.264462809917354
230 0.0010489441987953094 0.08079933003056122 400 7.8277886497064575
230 0.0009501760165783517 0.07014147275316383 500 8.59106529209622
230 0.0010458485303567258 0.03425038047513417 600 8.670520231213873
230 0.0008010680112589475 0.05281940898133927 700 8.244994110718492
240 0.0016826085403341725 0.09429793621599489 100 7.462686567164179
240 0.0011842645102583104 0.08486074062471272 200 8.29875518672199
240 0.0011783457497083034 0.08094183618645659 300 8.287292817679557
240 0.001020093144671884 0.0735422043491639 400 7.905138339920948
240 0.0009282087556905224 0.0657595908720933 500 8.680555555555555
240 0.001024094086991319 0.026432541385065785 600 8.720930232558139
240 0.000779996122920543 0.06051763416789584 700 8.274231678486997
250 0.0015714611291113333 0.09439304103386247 100 7.633587786259541
250 0.0011172238729885695 0.08421278097337971 200 8.438818565400842
250 0.001145529921777994 0.0769271601033241 300 8.287292817679557
250 0.0010091087207416314 0.07193725210764823 400 7.984031936127744
250 0.0009136530725507017 0.06871331002630557 500 8.771929824561404
250 0.0010158667431645273 0.025039815370058664 600 8.771929824561402
250 0.0007827617173380299 0.06280306164345836 700 8.30367734282325
260 0.0016720774702336449 0.09329136316279041 100 7.751937984496124
260 0.0010841199419725303 0.08382023430902946 200 8.547008547008547
260 0.0010996281010707102 0.07005226576264137 300 8.02139037433155
260 0.001011928295423581 0.06747444004777256 400 8.064516129032258
260 0.0009123294367226702 0.06641712492666291 500 8.849557522123893
260 0.0010024365108710566 0.020013119241497544 600 8.810572687224669
260 0.0007761429495642729 0.07048110717112331 700 8.31353919239905
270 0.001630526583470628 0.08798321982825758 100 7.874015748031495
270 0.0010640209509304845 0.07997422584968299 200 8.658008658008658
270 0.0011261160931829667 0.06344102900661729 300 7.6923076923076925
270 0.0010001796105503114 0.06370178938385877 400 8.130081300813007
270 0.0008996596259391135 0.06653366542885293 500 8.928571428571429
270 0.000977216776774291 0.019434649480957036 600 8.823529411764707
270 0.0007615004762599011 0.07648411463422015 700 8.264462809917354
280 0.001600132338696481 0.07913019911066342 100 7.936507936507936
280 0.001014698370027107 0.07685492583607811 200 8.771929824561402
280 0.0011280405543531553 0.0614846411649157 300 7.614213197969542
280 0.0009745327605601251 0.06247268373561444 400 8.213552361396303
280 0.0008851496100499127 0.06693449427986106 500 9.00900900900901
280 0.0009470866935196966 0.02272940601486809 600 8.784773060029282
280 0.0007446160293005311 0.08371664608506679 700 7.803790412486064
290 0.0014410041879280278 0.06802957907900214 100 8.064516129032258
290 0.0009772812805163445 0.07060276411923233 200 8.849557522123893
290 0.0011082667897729024 0.05564738724452871 300 7.614213197969542
290 0.000954745241342725 0.05828317779360808 400 8.281573498964802
290 0.0008695601645957938 0.06589700473330416 500 9.057971014492754
290 0.0008981592567481622 0.03391060442553758 600 8.403361344537814
300 0.001429428939465494 0.06041362700570008 100 8.19672131147541
300 0.0010944101369718062 0.07066620949065616 200 8.928571428571427
300 0.0010794679769026189 0.05489737906950747 300 7.633587786259541
300 0.0009262337292238868 0.05687646518714606 400 8.368200836820083
300 0.0008472100000342253 0.06471622620350954 500 9.074410163339383
300 0.0008752273447617814 0.04376043460576633 600 8.321775312066574
310 0.001217995666478179 0.043668735580796786 100 8.333333333333334
310 0.0010609169861598917 0.059886019140322044 200 8.88888888888889
310 0.0010319566973994827 0.048723943342435 300 7.672634271099744
310 0.0008933585162699972 0.06005388187765685 400 8.456659619450317
310 0.0008522574382816031 0.07553965064314605 500 9.00900900900901
310 0.0008606784009055548 0.04382917532569725 600 8.310249307479223
320 0.001060172046288389 0.03153667817566558 100 8.47457627118644
320 0.0009507297238368745 0.048459941649410136 200 8.849557522123893
320 0.0010014518840371633 0.04586049858656479 300 7.731958762886597
320 0.000865945549511105 0.06520739427084005 400 8.547008547008547
320 0.001024406538986141 0.08284255898420133 500 8.944543828264758
320 0.0008431813297976876 0.04563336314496433 600 8.321775312066574
330 0.0010214143636034722 0.031228160611386616 100 8.620689655172413
330 0.000902303373573509 0.0442644264140342 200 8.849557522123893
330 0.0010084838305317806 0.04909770448597488 300 7.772020725388601
330 0.0008546442046885685 0.07030195398184669 400 8.620689655172413
330 0.0010756773241939084 0.0804238334971808 500 8.9126559714795
330 0.0008329733818332166 0.0468060392151529 600 8.333333333333334
340 0.0009891342525530614 0.026479369419127034 100 8.695652173913043
340 0.0009020172144780968 0.03909619582172469 200 8.849557522123893
340 0.0009934481168804453 0.05291317667873882 300 7.832898172323759
340 0.0008486540305854838 0.07660477741570501 400 8.714596949891066
340 0.001112660615444991 0.078071233921146 500 8.9126559714795
340 0.000835882110124168 0.04950540183941268 600 8.356545961002785
350 0.0009550887786190692 0.023111807940372223 100 8.849557522123893
350 0.0008289875918889001 0.031354271738332364 200 8.771929824561402
350 0.000958133278616354 0.05391096054664274 300 7.894736842105263
350 0.0008388652886000443 0.0784833009891541 400 8.810572687224669
350 0.0011097873779898572 0.0711383955439735 500 8.928571428571429
350 0.0008194437134390295 0.05575456834614671 600 8.368200836820083
360 0.0009263161908293628 0.01792297986416602 100 8.928571428571427
360 0.0010416561016967905 0.025615587153545904 200 8.771929824561402
360 0.0009370931064661171 0.058867144644867545 300 7.936507936507936
360 0.0008458702812127793 0.08467830407754545 400 8.88888888888889
360 0.0011105903877195067 0.067371245792004 500 8.960573476702509
360 0.0008102980646305315 0.060650691555470454 600 8.391608391608392
370 0.0008084049719071639 0.012000120834750794 100 9.090909090909092
370 0.0010184366780960352 0.021368477287744013 200 8.73362445414847
370 0.0009217025440421193 0.06601795793847308 300 8.0
370 0.0008354173082300056 0.09567541309356468 400 8.98876404494382
370 0.0011147960340973392 0.06746401776986725 500 8.976660682226212
370 0.0008117525072582266 0.0620422038192084 600 8.403361344537814
380 0.0006456197172659406 0.014855514579433316 100 9.25925925925926
380 0.000956631515478414 0.01413290368612836 200 8.620689655172413
380 0.0008789419039613636 0.06370863921979143 300 8.086253369272237
380 0.0007971377031475255 0.09535508023358404 400 9.070294784580499
380 0.0010816899826667206 0.05733635666263076 500 9.00900900900901
380 0.0007983217752665559 0.06618958167530316 600 8.41514726507714
390 0.000521961019100324 0.029058537417713918 100 9.433962264150942
390 0.0008428353018693474 0.010898462212731799 200 7.8431372549019605
390 0.0008298866361583545 0.059429864245822216 300 8.152173913043477
390 0.0007502876997886241 0.09031755548639386 400 9.174311926605505
390 0.0010276894572503535 0.04835945668437477 500 9.025270758122742
390 0.0007674059627536287 0.07465509795163862 600 8.379888268156424
400 0.0005322760631220966 0.026270658993610294 100 9.615384615384615
400 0.0009712522783488061 0.009263510446850106 200 7.462686567164179
400 0.0008319783174554213 0.06474637753482247 300 8.241758241758243
400 0.0007612291259190186 0.09612852539935943 400 9.237875288683602
400 0.0010149409361720424 0.04685085928280781 500 9.00900900900901
400 0.0007692226538354518 0.07969769922959626 600 8.241758241758243
410 0.0005129297613229521 0.018776199765614024 100 9.70873786407767
410 0.0010287594641279628 0.014472140626814855 200 7.380073800738007
410 0.0008607679611326802 0.07378436701393137 300 8.310249307479223
410 0.0007757310747416223 0.10255165873429145 400 9.30232558139535
410 0.0009856265414226414 0.047251084289994624 500 8.650519031141869
420 0.0007705041353409058 0.01187017538392577 100 9.615384615384615
420 0.0010623543377589043 0.027537003803752826 200 7.352941176470588
420 0.0008844397344550761 0.08473782575203552 300 8.379888268156424
420 0.0007927560833597442 0.11075614503343374 400 9.280742459396752
420 0.0009928021847528253 0.04968888547022045 500 8.319467554076539
430 0.0009574288179525895 0.015558224399791846 100 9.345794392523363
430 0.0011124204781689047 0.04601352978085403 200 7.352941176470588
430 0.0009248449027911247 0.09865326097343273 300 8.474576271186441
430 0.0009681039403290029 0.12764940974821692 400 9.1324200913242
430 0.0009985140534688104 0.05040572667232624 500 8.278145695364238
440 0.0010289709738243724 0.01950760276858737 100 9.090909090909092
440 0.0011819849405883714 0.06462120041057078 200 7.380073800738007
440 0.0009539578074222476 0.11367060475884434 300 8.547008547008547
440 0.0012868316783793648 0.13757465896804916 400 9.009009009009008
440 0.0009961444016177315 0.05451488508169365 500 8.264462809917354
450 0.0010295404243727297 0.03454344559445934 100 8.928571428571427
450 0.0012416813868255162 0.08451270671367071 200 7.407407407407407
450 0.0009674366361289165 0.1275909591333336 300 8.645533141210374
450 0.0013460789684057858 0.13427400660706723 400 8.94854586129754
450 0.0010089087977510332 0.05482639360542546 500 8.264462809917354
460 0.0008427076216730927 0.03305691550155478 100 8.695652173913043
460 0.0011828555958716255 0.09506472754798871 200 7.434944237918215
460 0.0009487431472763413 0.13101235526973803 300 8.746355685131194
460 0.0013943646751095231 0.11924287141432517 400 8.928571428571427
460 0.000988888035158788 0.05307705202045198 500 8.264462809917354
470 0.0013606535830855933 0.031077131538793688 100 8.47457627118644
470 0.0011091187939024918 0.09865670691580904 200 7.462686567164179
470 0.0009290585775588408 0.13256875824957773 300 8.823529411764707
470 0.001370061156428961 0.10248714985408554 400 8.928571428571427
470 0.0009547142755643832 0.056434271732365995 500 8.264462809917354
480 0.0012897542699597973 0.023952820184250066 100 8.19672131147541
480 0.0010585011647608654 0.09928575713254446 200 7.518796992481203
480 0.000894105442718043 0.13356372979191627 300 8.928571428571429
480 0.0013265537593373663 0.0866686151516648 400 8.928571428571427
480 0.0009236943734294031 0.06145945317701358 500 8.25082508250825
490 0.0012844462213182908 0.027909306165457948 100 7.575757575757575
490 0.0010900263935539217 0.10282884213662812 200 7.575757575757575
490 0.0009022153019501336 0.13775737739723956 300 9.009009009009008
490 0.0013071407155985134 0.07587735734952819 400 8.908685968819597
490 0.0009287759446215615 0.07284207232040917 500 8.223684210526315
500 0.0015991849541822166 0.03789018395202825 100 6.172839506172839
500 0.0011106414403431015 0.11182904120061579 200 7.633587786259541
500 0.0009079785954889615 0.1450463673955993 300 9.090909090909092
500 0.0012877479564749994 0.06861736704583474 400 8.869179600886918
500 0.0009344887259635793 0.07992366701540032 500 8.077544426494345
510 0.0018136488470060718 0.05067830242944642 100 5.917159763313609
510 0.0011627716776969148 0.12311010152250874 200 7.6923076923076925
510 0.0009389337841761819 0.1513627417948329 300 9.146341463414632
510 0.0012591914355386518 0.06529077384350755 400 8.547008547008547
520 0.0016796706864832494 0.06611733261660409 100 5.882352941176471
520 0.0011001719193243947 0.13429167493221178 200 7.8125
520 0.0008928691473073295 0.1578635074507323 300 9.146341463414632
520 0.0012226631694361165 0.05971300087207525 400 8.048289738430583
530 0.0015530568612657206 0.08281336279091009 100 5.9523809523809526
530 0.0010413007868593895 0.14510973297406016 200 7.96812749003984
530 0.0009148927201706935 0.16792611653209713 300 9.090909090909092
530 0.0011922466222818488 0.05496337240390472 400 8.016032064128256
540 0.0014552783415892998 0.09735173431618423 100 6.0606060606060606
540 0.0009966019203814327 0.15345089784021054 200 8.130081300813007
540 0.0012723234336918425 0.17570574839312567 300 8.982035928143713
540 0.0011521024825694006 0.05183086516775476 400 8.032128514056224
550 0.001495582734252457 0.11347436136861415 100 6.134969325153374
550 0.0009910635807241182 0.15740516636450624 200 8.29875518672199
550 0.0015278208164003018 0.1689911776369891 300 8.928571428571429
550 0.0011180633664346293 0.050492757218685326 400 8.064516129032258
560 0.001490812959343375 0.1357591161191707 100 6.25
560 0.0009588476355492884 0.16348991381756117 200 8.438818565400842
560 0.0015352101809081064 0.15242146399309392 300 8.928571428571429
560 0.0010808513360765547 0.057013945654712454 400 8.080808080808081
570 0.0015177822447821974 0.1584167452955831 100 6.41025641025641
570 0.0009774238569327592 0.1728471045900046 200 8.658008658008658
570 0.0016625570730770627 0.14470538654631007 300 8.955223880597014
570 0.0010949694017292444 0.05538259461633625 400 8.130081300813007
580 0.001237549985896865 0.17841530108572226 100 6.5359477124183005
580 0.0008706239554485209 0.17414868416868187 200 8.849557522123893
580 0.0015619674258977128 0.1273285884268485 300 9.009009009009008
580 0.0010144632849686678 0.064573793904562 400 8.16326530612245
590 0.0009661356506769957 0.1605312011285756 100 6.666666666666667
590 0.0007499455857046637 0.16903814066483513 200 9.049773755656108
590 0.0015357654121876106 0.10783747918227396 300 9.06344410876133
590 0.0009770356120471994 0.056774673431075874 400 8.19672131147541
600 0.0009843908685843274 0.16966558884542665 100 6.84931506849315
600 0.0007470197975449378 0.17827068727197598 200 9.25925925925926
600 0.0015253929529447411 0.09982947704507221 300 9.146341463414632
600 0.0009846780500366752 0.058452616372737604 400 8.23045267489712
610 0.0009411690303242987 0.17223728339173913 100 7.092198581560283
610 0.0007197671039677601 0.18154370252521873 200 9.523809523809524
610 0.0014991782112089155 0.09221456665301676 300 9.25925925925926
610 0.0009873724260614245 0.06557791302197867 400 8.281573498964802
620 0.0009448618421916504 0.16904645828178025 100 7.462686567164179
620 0.0007207207439408009 0.1804576186648349 200 9.852216748768473
620 0.0014673046481411605 0.08789980308170016 300 9.404388714733543
620 0.0009680495885584045 0.07540347031621152 400 8.368200836820083
630 0.0009511751280136792 0.16654845990365108 100 7.936507936507936
630 0.0007265532505390364 0.17928488940143064 200 10.256410256410257
630 0.0014452386556883363 0.0854425827730259 300 9.646302250803858
630 0.0009568213247528622 0.07972025779012554 400 8.492569002123142
640 0.000929641686782409 0.16763044167923424 100 8.547008547008547
640 0.0007170582370237702 0.17988406778553706 200 10.75268817204301
640 0.0014277957953813033 0.08387795841646167 300 9.900990099009901
640 0.0009505036178932795 0.08106199511388289 400 8.620689655172413
650 0.0008007478510771478 0.16998508042856803 100 9.174311926605505
650 0.0006503433802402346 0.1794426579211152 200 11.235955056179774
650 0.0013685223649988194 0.08293168731662572 300 10.135135135135135
650 0.0009155661315185877 0.08407240067600151 400 8.714596949891066
660 0.0006491810820210304 0.16785815792118844 100 9.80392156862745
660 0.000576917019149276 0.1763443602185744 200 11.764705882352942
660 0.0013080871628741813 0.07990693767791081 300 10.344827586206897
660 0.0008796337493180112 0.08729783541336507 400 8.73362445414847
670 0.0005493388843290027 0.17301053701886754 100 10.416666666666664
670 0.0005482801270003878 0.17688335559285953 200 12.19512195121951
670 0.0012402439988540858 0.08063048905142477 300 10.380622837370241
670 0.0008449053104396145 0.0936407834599531 400 8.492569002123142
680 0.0005287807500050175 0.17941463564382018 100 10.989010989010989
680 0.000532330889535517 0.17724925471846917 200 12.5
680 0.0011576006194561513 0.08176037603511743 300 9.67741935483871
690 0.0005420285786718508 0.18515017265772904 100 11.494252873563218
690 0.0005416752303854113 0.17536615354092155 200 12.578616352201257
690 0.0011576801378307697 0.08442042794293987 300 9.090909090909092
700 0.000579755389497358 0.19133012008275543 100 11.904761904761905
700 0.0008485884760738708 0.18551087222340176 200 12.048192771084336
700 0.0011489386923546545 0.07894010081714722 300 9.009009009009008
710 0.0005319457667899978 0.19013230271710316 100 12.345679012345679
710 0.0016088560501322684 0.17550194926310808 200 11.494252873563218
710 0.0010837590491638708 0.07102580552108273 300 8.955223880597014
720 0.00046249308126426124 0.1859492925749411 100 12.82051282051282
720 0.0017350727981817182 0.1476135927981571 200 11.235955056179774
720 0.00106614885443594 0.06359229565893068 300 8.90207715133531
730 0.0005031830586169355 0.17786439674142485 100 13.333333333333334
730 0.0018966681981460412 0.11585820778227748 200 11.049723756906076
730 0.0010646455264997235 0.06496376219928421 300 8.875739644970412
740 0.0005856069822336431 0.18457313466707473 100 13.6986301369863
740 0.0018655291821780332 0.09106716316127247 200 10.92896174863388
740 0.0010197359776756218 0.07469699185679204 300 8.823529411764707
750 0.0005564861140827503 0.19427807766833688 100 14.08450704225352
750 0.0018338990174123877 0.06824708009588439 200 10.81081081081081
750 0.0010521811287914698 0.085440180248074 300 8.746355685131194
760 0.000524426488123993 0.19722712128515815 100 14.285714285714286
760 0.0017839273839195908 0.04775346205519682 200 10.58201058201058
760 0.0010717411758498436 0.10086209745279197 300 8.42696629213483
770 0.0005596925358653173 0.1852230595049325 100 14.08450704225352
770 0.0015891688701227718 0.0553463276541399 200 8.928571428571427
780 0.0007125115667086701 0.18197242013957415 100 12.5
780 0.0015504789863212945 0.07870394414918958 200 8.032128514056224
790 0.0028156699093567234 0.16958725155897494 100 10.416666666666664
790 0.0014383528046638863 0.09397085002208991 200 7.8125
800 0.0034150052495213394 0.09738465781349999 100 9.523809523809524
800 0.0014543179911174168 0.11464138466575863 200 7.633587786259541
810 0.0034893032353175363 0.03506448110629232 100 9.009009009009008
810 0.0014362812944198075 0.14472840692698935 200 7.462686567164179
820 0.0034406482108463206 0.07006630427393411 100 8.620689655172413
820 0.0015042215675112375 0.17925678428203728 200 7.2727272727272725
830 0.0033681902002396175 0.1305150794690277 100 8.130081300813007
830 0.0015532527585576177 0.21097238119411657 200 6.8259385665529
840 0.0030523762140964358 0.17352426253202313 100 6.211180124223602
850 0.003088379122155682 0.20760444591950253 100 5.813953488372094
860 0.0025960818882983456 0.20504066041016566 100 5.882352941176471
870 0.0015390644260240638 0.14269962965643151 100 6.024096385542168
880 0.0007193670345499424 0.09016139451049904 100 6.134969325153374
890 0.0006552458299209224 0.08128434656688528 100 6.211180124223602
900 0.0005982225184423335 0.06883074511772631 100 6.289308176100628
910 0.0006806033674895555 0.07362473811822806 100 6.329113924050633
920 0.0007376041900425249 0.07654644370729607 100 6.329113924050633
930 0.0006734166782221845 0.08382235531676585 100 6.289308176100628
940 0.0005895134446181727 0.0948486267990483 100 6.172839506172839
950 0.0005514425668099538 0.10463974387601015 100 5.882352941176471
960 0.00048247578254325996 0.11270631498686001 100 5.128205128205129
970 0.00045782709529555086 0.11513060615242908 100 4.405286343612334
