1.109347795136272907e-04 2.047148882411420345e-04 7.317700888961553574e-03
2.036724181380122900e-04 1.647842436796054244e-04 1.099865511059761047e-02
5.306466482579708099e-04 8.459320088149979711e-05 1.091916300356388092e-02
1.015775604173541069e-03 -4.031794014736078680e-05 1.234137825667858124e-02
1.394862425513565540e-03 -1.322332536801695824e-07 1.272665709257125854e-02
1.312076579779386520e-03 1.145717687904834747e-04 1.240809634327888489e-02
1.348977210000157356e-03 7.421892951242625713e-05 1.009015738964080811e-02
1.576834823936223984e-03 -1.058758934959769249e-04 9.157784283161163330e-03
1.556115690618753433e-03 -2.503913128748536110e-04 6.822593510150909424e-03
1.708926633000373840e-03 -1.384108327329158783e-04 3.269098699092864990e-03
1.675141975283622742e-03 -1.524831168353557587e-05 2.787217497825622559e-03
1.585890538990497589e-03 2.362718805670738220e-05 4.485912621021270752e-03
1.476837322115898132e-03 1.110136508941650391e-05 4.767104983329772949e-04
1.693556085228919983e-03 5.495175719261169434e-05 2.479076385498046875e-03
1.665122807025909424e-03 1.638466492295265198e-04 1.942053437232971191e-03
1.658385619521141052e-03 1.768907532095909119e-04 3.627441823482513428e-03
1.796236261725425720e-03 1.941281370818614960e-04 5.837574601173400879e-03
1.716598868370056152e-03 2.150023356080055237e-04 6.205894052982330322e-03
1.530412584543228149e-03 1.862719655036926270e-04 4.726789891719818115e-03
1.584555953741073608e-03 1.898990012705326080e-04 6.360620260238647461e-03
1.550324261188507080e-03 1.766309142112731934e-04 7.386386394500732422e-03
1.386027783155441284e-03 1.844353973865509033e-04 8.460141718387603760e-03
1.293845474720001221e-03 1.046587713062763214e-04 1.307150721549987793e-02
1.377142965793609619e-03 2.955971285700798035e-05 1.448906958103179932e-02
1.604996621608734131e-03 -5.534477531909942627e-05 1.911455392837524414e-02
1.576893031597137451e-03 -1.370934769511222839e-04 2.384907007217407227e-02
1.130327582359313965e-03 -7.478613406419754028e-05 2.277013659477233887e-02
7.667765021324157715e-04 -1.009725965559482574e-04 2.607671916484832764e-02
6.257519125938415527e-04 -1.404136419296264648e-04 2.905926108360290527e-02
5.489066243171691895e-04 -1.485815737396478653e-04 3.326922655105590820e-02
3.573745489120483398e-04 -1.870270352810621262e-04 3.575757145881652832e-02
3.980323672294616699e-04 -2.194214612245559692e-04 3.685688972473144531e-02
4.457756876945495605e-04 -2.229749225080013275e-04 3.784245252609252930e-02
4.421323537826538086e-04 -2.086362801492214203e-04 3.972059488296508789e-02
4.448443651199340820e-04 -2.434123307466506958e-04 4.096031188964843750e-02
4.319548606872558594e-04 -2.560722641646862030e-04 4.128253459930419922e-02
3.775805234909057617e-04 -2.382798120379447937e-04 4.258954524993896484e-02
3.983750939369201660e-04 -2.637635916471481323e-04 4.479104280471801758e-02
4.779696464538574219e-04 -2.672076225280761719e-04 4.647988080978393555e-02
4.477798938751220703e-04 -3.451313823461532593e-04 4.729723930358886719e-02
5.041062831878662109e-04 -3.799051046371459961e-04 4.643106460571289062e-02
4.673898220062255859e-04 -3.710761666297912598e-04 4.547905921936035156e-02
6.197392940521240234e-04 -3.769546747207641602e-04 4.466390609741210938e-02
6.393343210220336914e-04 -4.017315804958343506e-04 4.296326637268066406e-02
6.760060787200927734e-04 -4.623290151357650757e-04 4.271060228347778320e-02
8.917897939682006836e-04 -4.599476233124732971e-04 4.184675216674804688e-02
1.049131155014038086e-03 -4.226900637149810791e-04 4.088908433914184570e-02
1.118481159210205078e-03 -4.231873899698257446e-04 3.976505994796752930e-02
1.161038875579833984e-03 -3.880402073264122009e-04 3.756928443908691406e-02
1.098483800888061523e-03 -4.451936110854148865e-04 3.824365139007568359e-02
1.186370849609375000e-03 -4.707591142505407333e-04 3.766393661499023438e-02
1.456499099731445312e-03 -4.482469521462917328e-04 3.749668598175048828e-02
1.642882823944091797e-03 -4.791030660271644592e-04 3.705215454101562500e-02
1.513868570327758789e-03 -4.447940737009048462e-04 3.735792636871337891e-02
1.462221145629882812e-03 -4.212837666273117065e-04 3.725779056549072266e-02
1.509726047515869141e-03 -4.285275936126708984e-04 3.853499889373779297e-02
1.174688339233398438e-03 -3.523491322994232178e-04 3.418815135955810547e-02
8.186697959899902344e-04 4.542618989944458008e-05 2.219367027282714844e-02
2.155303955078125000e-04 7.118210196495056152e-04 -4.860162734985351562e-03
7.135868072509765625e-04 4.908889532089233398e-04 5.096554756164550781e-03
1.202762126922607422e-03 7.681548595428466797e-06 2.387440204620361328e-02
1.072466373443603516e-03 -2.454668283462524414e-04 3.715240955352783203e-02
8.509755134582519531e-04 -2.533942461013793945e-04 4.379236698150634766e-02
8.734464645385742188e-04 -2.371072769165039062e-04 4.295694828033447266e-02
1.123070716857910156e-03 -2.187490463256835938e-04 4.348862171173095703e-02
4.302263259887695312e-04 -3.700554370880126953e-04 4.503083229064941406e-02
6.165504455566406250e-04 -3.878772258758544922e-04 4.147505760192871094e-02
3.053545951843261719e-04 -3.869235515594482422e-04 4.184269905090332031e-02
-7.212162017822265625e-05 -4.032850265502929688e-04 3.973901271820068359e-02
2.451539039611816406e-04 -4.065185785293579102e-04 4.541313648223876953e-02
4.140138626098632812e-04 -3.567188978195190430e-04 4.482710361480712891e-02
4.671216011047363281e-04 -3.356337547302246094e-04 4.539239406585693359e-02
1.243352890014648438e-04 -3.474950790405273438e-04 4.671037197113037109e-02
-1.080036163330078125e-04 -3.371834754943847656e-04 4.732847213745117188e-02
-1.125931739807128906e-04 -2.281367778778076172e-04 4.652273654937744141e-02
-7.242560386657714844e-04 -3.021806478500366211e-04 4.793083667755126953e-02
-8.369684219360351562e-04 -2.265423536300659180e-04 4.736232757568359375e-02
-7.846951484680175781e-04 -3.149807453155517578e-04 4.728388786315917969e-02
-8.749961853027343750e-04 -3.519356250762939453e-04 4.789996147155761719e-02
-8.872151374816894531e-04 -3.935098648071289062e-04 5.089044570922851562e-02
-7.336735725402832031e-04 -5.084872245788574219e-04 5.460762977600097656e-02
-6.453394889831542969e-04 -5.916953086853027344e-04 5.790567398071289062e-02
-4.912614822387695312e-04 -6.567835807800292969e-04 5.748844146728515625e-02
-4.194378852844238281e-04 -6.726682186126708984e-04 5.655837059020996094e-02
-4.147291183471679688e-04 -7.489323616027832031e-04 5.787825584411621094e-02
-3.995895385742187500e-04 -7.270574569702148438e-04 5.703663825988769531e-02
-2.781152725219726562e-04 -7.247924804687500000e-04 5.590009689331054688e-02
-4.068613052368164062e-04 -7.375180721282958984e-04 5.673480033874511719e-02
-3.345608711242675781e-04 -8.046925067901611328e-04 5.494880676269531250e-02
-4.341006278991699219e-04 -8.620917797088623047e-04 5.613136291503906250e-02
-5.311965942382812500e-04 -7.851123809814453125e-04 5.764746665954589844e-02
-4.365444183349609375e-04 -7.192790508270263672e-04 5.695605278015136719e-02
-4.804134368896484375e-04 -6.368458271026611328e-04 5.886077880859375000e-02
-4.252791404724121094e-04 -6.083846092224121094e-04 5.731892585754394531e-02
-4.000067710876464844e-04 -6.802380084991455078e-04 5.655956268310546875e-02
-3.130435943603515625e-04 -6.546676158905029297e-04 5.699014663696289062e-02
-2.366304397583007812e-04 -6.996095180511474609e-04 5.792856216430664062e-02
-1.094341278076171875e-04 -7.310211658477783203e-04 5.727910995483398438e-02
-2.032518386840820312e-04 -6.398260593414306641e-04 5.608272552490234375e-02
-9.632110595703125000e-05 -5.290210247039794922e-04 6.063508987426757812e-02
-3.290176391601562500e-05 -5.290806293487548828e-04 6.253147125244140625e-02
-1.845359802246093750e-04 -6.753504276275634766e-04 6.209397315979003906e-02
2.039074897766113281e-04 -7.052123546600341797e-04 5.859518051147460938e-02
7.194280624389648438e-05 -6.619393825531005859e-04 5.619621276855468750e-02
7.748603820800781250e-07 -6.735920906066894531e-04 5.180120468139648438e-02
-9.977817535400390625e-05 -6.242394447326660156e-04 5.738449096679687500e-02
-1.877546310424804688e-05 -5.104541778564453125e-04 5.855560302734375000e-02
-6.562471389770507812e-05 -4.705786705017089844e-04 5.754876136779785156e-02
-2.029538154602050781e-04 -5.318522453308105469e-04 6.078839302062988281e-02
-6.484985351562500000e-05 -5.556941032409667969e-04 6.060528755187988281e-02
-3.468990325927734375e-05 -6.447136402130126953e-04 5.480074882507324219e-02
1.299977302551269531e-04 -6.447732448577880859e-04 5.370354652404785156e-02
1.712441444396972656e-04 -5.741417407989501953e-04 5.562829971313476562e-02
1.014471054077148438e-04 -5.211532115936279297e-04 5.515480041503906250e-02
-2.592802047729492188e-04 -5.002617835998535156e-04 5.804944038391113281e-02
-2.322196960449218750e-04 -4.742741584777832031e-04 5.828475952148437500e-02
-4.291534423828125000e-04 -5.285739898681640625e-04 5.915737152099609375e-02
-7.138252258300781250e-04 -6.440877914428710938e-04 5.916452407836914062e-02
-6.795525550842285156e-04 -6.193220615386962891e-04 5.795240402221679688e-02
9.942054748535156250e-05 -5.383193492889404297e-04 5.841636657714843750e-02
1.196265220642089844e-04 -5.535483360290527344e-04 5.654573440551757812e-02
-1.031756401062011719e-04 -5.832612514495849609e-04 5.575323104858398438e-02
-1.798868179321289062e-04 -5.135536193847656250e-04 5.670499801635742188e-02
-1.394748687744140625e-04 -5.741417407989501953e-04 5.599451065063476562e-02
-8.305907249450683594e-04 -6.694793701171875000e-04 5.662631988525390625e-02
-8.412003517150878906e-04 -7.517933845520019531e-04 5.865287780761718750e-02
-8.408427238464355469e-04 -6.888508796691894531e-04 6.018972396850585938e-02
-8.541345596313476562e-04 -7.351338863372802734e-04 6.204891204833984375e-02
-7.182955741882324219e-04 -7.054507732391357422e-04 6.013631820678710938e-02
-5.619525909423828125e-04 -7.091760635375976562e-04 6.011581420898437500e-02
-6.033778190612792969e-04 -8.203387260437011719e-04 5.568122863769531250e-02
-3.833472728729248047e-04 -7.079243659973144531e-04 4.884386062622070312e-02
-6.825923919677734375e-04 -8.975267410278320312e-04 5.552053451538085938e-02
-8.125752210617065430e-04 -8.133649826049804688e-04 5.807065963745117188e-02
-8.580833673477172852e-04 -8.491277694702148438e-04 5.805873870849609375e-02
-6.588920950889587402e-04 -9.220838546752929688e-04 5.731153488159179688e-02
-3.165192902088165283e-04 -9.441971778869628906e-04 5.689764022827148438e-02
-2.853069454431533813e-04 -9.735822677612304688e-04 5.615234375000000000e-02
-3.913305699825286865e-04 -9.935498237609863281e-04 5.865097045898437500e-02
-3.749672323465347290e-04 -9.472370147705078125e-04 5.985879898071289062e-02
-4.084296524524688721e-04 -9.070634841918945312e-04 6.005764007568359375e-02
-4.976913332939147949e-04 -7.808208465576171875e-04 5.724906921386718750e-02
-4.363209009170532227e-04 -8.159875869750976562e-04 5.893993377685546875e-02
-6.750375032424926758e-04 -7.771849632263183594e-04 6.188535690307617188e-02
-8.120238780975341797e-04 -8.850097656250000000e-04 6.050491333007812500e-02
-8.583217859268188477e-04 -8.479952812194824219e-04 5.979013442993164062e-02
-2.838373184204101562e-04 -8.016228675842285156e-04 5.843114852905273438e-02
-2.332180738449096680e-04 -7.094740867614746094e-04 5.692148208618164062e-02
-5.256831645965576172e-04 -6.493926048278808594e-04 6.058216094970703125e-02
-7.612407207489013672e-04 -6.698369979858398438e-04 6.098937988281250000e-02
-4.509389400482177734e-04 -7.068514823913574219e-04 5.985498428344726562e-02
-2.333521842956542969e-05 -7.885098457336425781e-04 5.282306671142578125e-02
-1.550018787384033203e-04 -8.202791213989257812e-04 5.525732040405273438e-02
-5.231499671936035156e-04 -8.027553558349609375e-04 5.683612823486328125e-02
-5.635619163513183594e-04 -7.597208023071289062e-04 5.593967437744140625e-02
-3.756880760192871094e-04 -6.822347640991210938e-04 5.225563049316406250e-02
-5.009770393371582031e-04 -7.337331771850585938e-04 5.514001846313476562e-02
-4.909634590148925781e-04 -7.342696189880371094e-04 5.639791488647460938e-02
-8.574724197387695312e-04 -6.866455078125000000e-04 5.595254898071289062e-02
-7.504820823669433594e-04 -6.781220436096191406e-04 5.742835998535156250e-02
-3.024935722351074219e-04 -5.990862846374511719e-04 5.697917938232421875e-02
-3.070235252380371094e-04 -6.524920463562011719e-04 5.833005905151367188e-02
-3.912448883056640625e-04 -7.004141807556152344e-04 5.799341201782226562e-02
-5.692243576049804688e-05 -4.982352256774902344e-04 5.734872817993164062e-02
1.582503318786621094e-04 -5.022883415222167969e-04 5.825090408325195312e-02
-3.475546836853027344e-04 -5.734562873840332031e-04 6.125974655151367188e-02
-5.105733871459960938e-04 -6.139874458312988281e-04 5.920886993408203125e-02
-4.533529281616210938e-04 -6.577968597412109375e-04 6.051206588745117188e-02
-4.230737686157226562e-04 -6.359815597534179688e-04 5.957841873168945312e-02
-2.992153167724609375e-04 -6.178021430969238281e-04 5.942106246948242188e-02
-1.424551010131835938e-04 -6.094574928283691406e-04 6.058597564697265625e-02
-2.507567405700683594e-04 -6.207227706909179688e-04 6.000852584838867188e-02
-1.309514045715332031e-04 -6.494522094726562500e-04 6.235551834106445312e-02
-1.224875450134277344e-04 -7.573366165161132812e-04 5.704927444458007812e-02
-1.766085624694824219e-04 -7.473230361938476562e-04 5.849647521972656250e-02
-4.674792289733886719e-04 -7.225275039672851562e-04 5.934906005859375000e-02
-2.843141555786132812e-04 -6.894469261169433594e-04 6.107759475708007812e-02
-1.525878906250000000e-05 -6.778240203857421875e-04 5.969142913818359375e-02
-3.509521484375000000e-04 -7.420182228088378906e-04 5.990648269653320312e-02
-5.276799201965332031e-04 -7.997751235961914062e-04 5.754089355468750000e-02
-3.997683525085449219e-04 -7.901191711425781250e-04 5.690431594848632812e-02
-2.985000610351562500e-04 -8.590221405029296875e-04 5.547761917114257812e-02
-3.474950790405273438e-04 -8.568763732910156250e-04 5.392074584960937500e-02
-5.038380622863769531e-04 -9.219646453857421875e-04 5.687618255615234375e-02
-2.118349075317382812e-04 -7.923841476440429688e-04 4.928302764892578125e-02
-3.837347030639648438e-04 -7.548332214355468750e-04 4.873466491699218750e-02
-2.831220626831054688e-04 -7.272958755493164062e-04 4.733276367187500000e-02
1.120567321777343750e-05 -7.613897323608398438e-04 4.850673675537109375e-02
-2.173185348510742188e-04 -7.963776588439941406e-04 5.033111572265625000e-02
-1.585483551025390625e-04 -8.779764175415039062e-04 5.328655242919921875e-02
-2.353191375732421875e-04 -7.355213165283203125e-04 4.903888702392578125e-02
-5.776882171630859375e-04 -7.041692733764648438e-04 5.226325988769531250e-02
-2.180337905883789062e-04 -6.059408187866210938e-04 4.758358001708984375e-02
-1.837015151977539062e-04 -7.119178771972656250e-04 4.742717742919921875e-02
-4.622936248779296875e-04 -7.125139236450195312e-04 4.849815368652343750e-02
-4.953145980834960938e-04 -7.191896438598632812e-04 5.127239227294921875e-02
-4.327297210693359375e-04 -7.041692733764648438e-04 5.048751831054687500e-02
-5.477666854858398438e-04 -7.219314575195312500e-04 4.587936401367187500e-02
-3.885030746459960938e-04 -4.736185073852539062e-04 3.536701202392578125e-02
-5.030632019042968750e-04 -6.378889083862304688e-04 4.126453399658203125e-02
-7.188320159912109375e-04 -6.856918334960937500e-04 4.830360412597656250e-02
-6.942749023437500000e-04 -6.864070892333984375e-04 5.032920837402343750e-02
-6.613731384277343750e-04 -6.816387176513671875e-04 5.047702789306640625e-02
-5.531311035156250000e-04 -6.561279296875000000e-04 4.411792755126953125e-02
-3.213882446289062500e-04 -6.381273269653320312e-04 4.493808746337890625e-02
-4.935264587402343750e-04 -6.315708160400390625e-04 5.192184448242187500e-02
-3.058910369873046875e-04 -5.278587341308593750e-04 4.953956604003906250e-02
-2.484321594238281250e-04 -5.692243576049804688e-04 5.249786376953125000e-02
-2.360343933105468750e-05 -5.598068237304687500e-04 5.583286285400390625e-02
1.447200775146484375e-04 -5.866289138793945312e-04 5.411529541015625000e-02
2.932548522949218750e-05 -6.122589111328125000e-04 5.564117431640625000e-02
-2.152919769287109375e-04 -6.394386291503906250e-04 5.692672729492187500e-02
-1.904964447021484375e-04 -5.692243576049804688e-04 5.506324768066406250e-02
-9.131431579589843750e-05 -5.433559417724609375e-04 5.362033843994140625e-02
6.842613220214843750e-05 -5.235671997070312500e-04 5.291938781738281250e-02
-4.124641418457031250e-05 -5.674362182617187500e-04 5.571842193603515625e-02
-7.343292236328125000e-05 -5.383491516113281250e-04 5.395412445068359375e-02
1.025199890136718750e-05 -5.282163619995117188e-04 5.206012725830078125e-02
-6.675720214843750000e-06 -4.831552505493164062e-04 5.055427551269531250e-02
7.152557373046875000e-07 -4.965066909790039062e-04 5.035781860351562500e-02
-5.173683166503906250e-05 -4.777908325195312500e-04 4.950523376464843750e-02
-1.606941223144531250e-04 -5.251169204711914062e-04 4.628562927246093750e-02
-4.379749298095703125e-04 -4.423856735229492188e-04 5.074596405029296875e-02
-4.272460937500000000e-04 -4.088878631591796875e-04 4.860687255859375000e-02
-5.524158477783203125e-04 -4.452466964721679688e-04 4.696941375732421875e-02
-7.567405700683593750e-04 -4.131793975830078125e-04 4.548263549804687500e-02
-1.116752624511718750e-03 -4.361867904663085938e-04 4.412937164306640625e-02
-5.302429199218750000e-04 -3.559589385986328125e-04 3.616523742675781250e-02
-5.786418914794921875e-04 -3.876686096191406250e-04 3.829097747802734375e-02
-8.592605590820312500e-04 -4.407167434692382812e-04 4.422092437744140625e-02
-7.472038269042968750e-04 -4.900693893432617188e-04 4.516029357910156250e-02
-7.798671722412109375e-04 -4.371404647827148438e-04 4.627990722656250000e-02
-7.874965667724609375e-04 -3.974437713623046875e-04 4.680633544921875000e-02
-9.069442749023437500e-04 -4.336833953857421875e-04 4.691028594970703125e-02
-1.057863235473632812e-03 -4.197359085083007812e-04 4.561424255371093750e-02
-9.429454803466796875e-04 -4.216432571411132812e-04 4.668426513671875000e-02
-5.116462707519531250e-04 -3.194808959960937500e-04 4.630279541015625000e-02
-5.493164062500000000e-04 -3.275871276855468750e-04 4.245376586914062500e-02
-6.904602050781250000e-04 -3.697872161865234375e-04 3.849124908447265625e-02
-6.985664367675781250e-04 -2.464056015014648438e-04 3.216934204101562500e-02
-3.962516784667968750e-04 -5.328655242919921875e-05 2.483081817626953125e-02
-8.106231689453125000e-05 -7.700920104980468750e-05 2.832603454589843750e-02
-2.536773681640625000e-04 -1.336336135864257812e-04 4.037761688232421875e-02
-1.473426818847656250e-04 -2.412796020507812500e-04 4.441452026367187500e-02
-1.821517944335937500e-04 -3.556013107299804688e-04 4.258251190185546875e-02
7.390975952148437500e-05 -2.529621124267578125e-04 4.666709899902343750e-02
3.037452697753906250e-04 -3.231763839721679688e-04 4.084777832031250000e-02
2.355575561523437500e-04 -3.314018249511718750e-04 3.940582275390625000e-02
1.692771911621093750e-04 -2.468824386596679688e-04 3.867435455322265625e-02
-3.070831298828125000e-04 -3.235340118408203125e-04 4.149436950683593750e-02
-3.194808959960937500e-04 -3.162622451782226562e-04 4.337406158447265625e-02
-2.903938293457031250e-04 -3.041028976440429688e-04 4.494953155517578125e-02
-2.861022949218750000e-04 -3.707408905029296875e-04 4.470062255859375000e-02
-3.123283386230468750e-04 -2.591609954833984375e-04 4.471302032470703125e-02
-4.572868347167968750e-04 -2.653598785400390625e-04 4.570579528808593750e-02
-4.682540893554687500e-04 -2.431869506835937500e-04 4.326438903808593750e-02
-7.519721984863281250e-04 -2.937316894531250000e-04 3.752994537353515625e-02
-7.448196411132812500e-04 -2.572536468505859375e-04 3.401279449462890625e-02
-7.452964782714843750e-04 -2.596378326416015625e-04 3.421020507812500000e-02
-6.189346313476562500e-04 -2.080202102661132812e-04 3.627872467041015625e-02
-6.265640258789062500e-04 -2.388954162597656250e-04 4.253196716308593750e-02
-7.491111755371093750e-04 -3.023147583007812500e-04 4.374408721923828125e-02
-8.177757263183593750e-04 -3.583431243896484375e-04 4.364299774169921875e-02
-9.856224060058593750e-04 -3.787279129028320312e-04 4.605197906494140625e-02
-8.654594421386718750e-04 -3.532171249389648438e-04 4.475688934326171875e-02
-2.436637878417968750e-04 -3.315210342407226562e-04 4.798793792724609375e-02
1.111030578613281250e-04 -4.174709320068359375e-04 4.976940155029296875e-02
2.789497375488281250e-04 -5.427598953247070312e-04 4.944705963134765625e-02
1.692771911621093750e-04 -5.215406417846679688e-04 5.451297760009765625e-02
2.517700195312500000e-04 -4.895925521850585938e-04 5.284595489501953125e-02
2.250671386718750000e-04 -4.725456237792968750e-04 5.453681945800781250e-02
2.465248107910156250e-04 -3.945827484130859375e-04 5.488204956054687500e-02
3.814697265625000000e-05 -4.713535308837890625e-04 5.700111389160156250e-02
1.034736633300781250e-04 -4.438161849975585938e-04 5.786228179931640625e-02
-2.384185791015625000e-06 -5.226135253906250000e-04 5.505371093750000000e-02
-6.771087646484375000e-05 -5.583763122558593750e-04 5.789947509765625000e-02
-4.816055297851562500e-05 -5.952119827270507812e-04 5.536174774169921875e-02
1.406669616699218750e-04 -5.886554718017578125e-04 5.097198486328125000e-02
1.330375671386718750e-04 -5.655288696289062500e-04 4.863929748535156250e-02
-1.430511474609375000e-04 -6.523132324218750000e-04 5.426311492919921875e-02
-1.153945922851562500e-04 -5.339384078979492188e-04 5.703258514404296875e-02
-9.536743164062500000e-05 -5.122423171997070312e-04 5.703449249267578125e-02
-1.921653747558593750e-04 -5.697011947631835938e-04 5.849170684814453125e-02
-4.434585571289062500e-05 -4.806518554687500000e-04 5.615711212158203125e-02
2.341270446777343750e-04 -4.222393035888671875e-04 5.183124542236328125e-02
4.525184631347656250e-04 -4.291534423828125000e-04 5.047416687011718750e-02
5.726814270019531250e-04 -3.801584243774414062e-04 4.730701446533203125e-02
3.957748413085937500e-04 -4.158020019531250000e-04 4.595661163330078125e-02
4.076957702636718750e-04 -3.850460052490234375e-04 4.940032958984375000e-02
9.946823120117187500e-04 -2.255439758300781250e-04 4.866981506347656250e-02
8.358955383300781250e-04 -2.843141555786132812e-04 4.990196228027343750e-02
5.989074707031250000e-04 -2.722740173339843750e-04 5.183219909667968750e-02
-7.295608520507812500e-05 -3.485083580017089844e-04 5.473709106445312500e-02
1.888275146484375000e-04 -4.079937934875488281e-04 5.582046508789062500e-02
-1.573562622070312500e-05 -4.947781562805175781e-04 5.541419982910156250e-02
-1.058578491210937500e-04 -5.784630775451660156e-04 5.574131011962890625e-02
-3.066062927246093750e-04 -6.487369537353515625e-04 5.451679229736328125e-02
-2.079010009765625000e-04 -5.487799644470214844e-04 5.443477630615234375e-02
-2.985000610351562500e-04 -5.366802215576171875e-04 5.496406555175781250e-02
-1.115798950195312500e-04 -5.277991294860839844e-04 5.438899993896484375e-02
-3.480911254882812500e-05 -5.580186843872070312e-04 5.461978912353515625e-02
-1.454353332519531250e-04 -5.016326904296875000e-04 5.466938018798828125e-02
-3.652572631835937500e-04 -5.247592926025390625e-04 5.758476257324218750e-02
-3.905296325683593750e-04 -4.299283027648925781e-04 5.587005615234375000e-02
-3.132820129394531250e-04 -4.349946975708007812e-04 5.869483947753906250e-02
-2.851486206054687500e-04 -5.220770835876464844e-04 6.059646606445312500e-02
-4.086494445800781250e-04 -5.860924720764160156e-04 5.528259277343750000e-02
-3.881454467773437500e-04 -5.424618721008300781e-04 5.250167846679687500e-02
-4.687309265136718750e-04 -4.989504814147949219e-04 5.713653564453125000e-02
-3.838539123535156250e-04 -4.441738128662109375e-04 5.819129943847656250e-02
-2.608299255371093750e-04 -4.777312278747558594e-04 5.755043029785156250e-02
-1.683235168457031250e-04 -4.940629005432128906e-04 5.561542510986328125e-02
-2.121925354003906250e-04 -4.481673240661621094e-04 5.734157562255859375e-02
-3.213882446289062500e-04 -5.108118057250976562e-04 5.827426910400390625e-02
3.910064697265625000e-05 -5.003213882446289062e-04 5.645561218261718750e-02
-4.577636718750000000e-05 -4.764199256896972656e-04 5.680370330810546875e-02
-2.784729003906250000e-04 -4.684925079345703125e-04 5.567073822021484375e-02
-6.384849548339843750e-04 -4.402399063110351562e-04 5.638313293457031250e-02
-5.335807800292968750e-04 -5.037784576416015625e-04 5.719661712646484375e-02
-1.926422119140625000e-04 -5.341768264770507812e-04 5.284786224365234375e-02
-1.902580261230468750e-04 -5.526542663574218750e-04 4.854869842529296875e-02
-5.812644958496093750e-04 -4.801750183105468750e-04 4.763126373291015625e-02
-6.074905395507812500e-04 -4.619359970092773438e-04 5.017948150634765625e-02
-1.730918884277343750e-04 -4.663467407226562500e-04 4.789829254150390625e-02
-2.841949462890625000e-04 -4.565715789794921875e-04 4.607486724853515625e-02
-4.901885986328125000e-04 -5.113482475280761719e-04 5.099678039550781250e-02
-4.167556762695312500e-04 -5.621910095214843750e-04 5.412101745605468750e-02
-1.726150512695312500e-04 -5.520582199096679688e-04 4.843235015869140625e-02
-2.036094665527343750e-04 -5.154609680175781250e-04 4.461193084716796875e-02
-3.762245178222656250e-04 -4.428029060363769531e-04 4.628276824951171875e-02
-2.479553222656250000e-04 -4.442930221557617188e-04 4.918384552001953125e-02
-2.369880676269531250e-04 -3.994703292846679688e-04 4.797458648681640625e-02
-2.498626708984375000e-04 -3.942251205444335938e-04 4.944229125976562500e-02
-2.865791320800781250e-04 -3.392696380615234375e-04 5.188083648681640625e-02
-2.112388610839843750e-04 -3.285408020019531250e-04 5.415344238281250000e-02
-1.354217529296875000e-04 -3.294944763183593750e-04 5.372333526611328125e-02
-1.182556152343750000e-04 -3.423690795898437500e-04 5.477619171142578125e-02
-1.597404479980468750e-04 -3.774166107177734375e-04 5.686473846435546875e-02
-2.279281616210937500e-04 -4.663467407226562500e-04 5.629253387451171875e-02
-4.367828369140625000e-04 -5.885958671569824219e-04 4.725933074951171875e-02
3.290176391601562500e-05 1.615285873413085938e-05 2.241516113281250000e-02
1.907348632812500000e-05 -4.106760025024414062e-04 4.496288299560546875e-02
-2.856254577636718750e-04 -4.191398620605468750e-04 5.492782592773437500e-02
-5.483627319335937500e-04 -4.546642303466796875e-04 5.599784851074218750e-02
-2.474784851074218750e-04 -5.311965942382812500e-04 5.527973175048828125e-02
-8.583068847656250000e-05 -5.255937576293945312e-04 5.319690704345703125e-02
8.583068847656250000e-05 -3.867149353027343750e-04 5.229282379150390625e-02
-1.235008239746093750e-04 -3.927946090698242188e-04 5.625247955322265625e-02
-2.150535583496093750e-04 -4.504919052124023438e-04 5.613613128662109375e-02
-1.778602600097656250e-04 -4.951953887939453125e-04 5.621242523193359375e-02
-3.147125244140625000e-05 -5.014538764953613281e-04 5.192470550537109375e-02
-7.152557373046875000e-05 -5.275011062622070312e-04 5.332851409912109375e-02
-2.384185791015625000e-06 -4.688501358032226562e-04 5.405330657958984375e-02
-4.472732543945312500e-04 -4.453659057617187500e-04 5.495071411132812500e-02
-4.787445068359375000e-04 -4.918575286865234375e-04 5.581188201904296875e-02
-3.767013549804687500e-04 -5.446672439575195312e-04 5.384826660156250000e-02
-6.184577941894531250e-04 -6.636977195739746094e-04 5.574607849121093750e-02
-6.475448608398437500e-04 -6.827116012573242188e-04 5.196094512939453125e-02
-3.361701965332031250e-04 -6.331205368041992188e-04 5.083179473876953125e-02
-4.134178161621093750e-04 -5.605220794677734375e-04 5.090427398681640625e-02
-4.339218139648437500e-04 -5.228519439697265625e-04 5.083274841308593750e-02
-2.121925354003906250e-04 -4.594326019287109375e-04 5.203247070312500000e-02
-7.972717285156250000e-04 -4.395246505737304688e-04 4.884147644042968750e-02
-1.049995422363281250e-03 -4.465579986572265625e-04 5.099010467529296875e-02
-1.101493835449218750e-03 -3.767013549804687500e-04 4.968261718750000000e-02
-1.291275024414062500e-03 -4.650354385375976562e-04 4.978370666503906250e-02
-1.348495483398437500e-03 -6.369352340698242188e-04 5.215454101562500000e-02
-9.822845458984375000e-04 -6.355047225952148438e-04 4.779911041259765625e-02
-7.314682006835937500e-04 -6.487369537353515625e-04 5.300426483154296875e-02
-4.510879516601562500e-04 -5.621910095214843750e-04 5.690860748291015625e-02
-2.479553222656250000e-04 -6.589889526367187500e-04 5.473327636718750000e-02
2.574920654296875000e-05 -6.917715072631835938e-04 5.376148223876953125e-02
3.728866577148437500e-04 -6.073713302612304688e-04 5.215835571289062500e-02
9.927749633789062500e-04 -4.764795303344726562e-04 4.574203491210937500e-02
5.731582641601562500e-04 -3.970861434936523438e-04 5.315780639648437500e-02
1.955032348632812500e-04 -4.969835281372070312e-04 5.089855194091796875e-02
5.750656127929687500e-04 -4.068613052368164062e-04 5.146217346191406250e-02
5.435943603515625000e-04 -5.332231521606445312e-04 4.996871948242187500e-02
5.412101745605468750e-04 -5.211830139160156250e-04 5.070877075195312500e-02
1.716613769531250000e-04 -5.483627319335937500e-04 5.141067504882812500e-02
1.134872436523437500e-04 -4.632472991943359375e-04 5.478191375732421875e-02
-1.478195190429687500e-05 -4.261732101440429688e-04 5.561542510986328125e-02
-8.583068847656250000e-06 -3.944635391235351562e-04 5.640316009521484375e-02
1.358985900878906250e-04 -4.243850708007812500e-04 5.703067779541015625e-02
-2.174377441406250000e-04 -6.381273269653320312e-04 5.553722381591796875e-02
-6.866455078125000000e-05 -5.675554275512695312e-04 4.730129241943359375e-02
1.010894775390625000e-04 -3.211498260498046875e-04 3.512477874755859375e-02
1.392364501953125000e-04 -3.255605697631835938e-04 4.111671447753906250e-02
-2.107620239257812500e-04 -4.043579101562500000e-04 5.038166046142578125e-02
-1.940727233886718750e-04 -3.826618194580078125e-04 5.327701568603515625e-02
3.147125244140625000e-05 -4.137754440307617188e-04 5.268764495849609375e-02
1.163482666015625000e-04 -4.614591598510742188e-04 5.236816406250000000e-02
-1.678466796875000000e-04 -4.954338073730468750e-04 5.616283416748046875e-02
-2.031326293945312500e-04 -4.477500915527343750e-04 5.449199676513671875e-02
-3.237724304199218750e-04 -3.563165664672851562e-04 5.474853515625000000e-02
-2.989768981933593750e-04 -3.954172134399414062e-04 5.393218994140625000e-02
-5.884170532226562500e-04 -4.159212112426757812e-04 5.678367614746093750e-02
-3.485679626464843750e-04 -4.091262817382812500e-04 5.338382720947265625e-02
-3.576278686523437500e-05 -4.446506500244140625e-04 5.318164825439453125e-02
-2.460479736328125000e-04 -4.713535308837890625e-04 5.058383941650390625e-02
-4.353523254394531250e-04 -3.241300582885742188e-04 5.222892761230468750e-02
-7.534027099609375000e-04 -2.485513687133789062e-04 5.378723144531250000e-02
-8.220672607421875000e-04 -3.492832183837890625e-04 5.878448486328125000e-02
-8.840560913085937500e-04 -3.950595855712890625e-04 5.888557434082031250e-02
-9.632110595703125000e-04 -3.956556320190429688e-04 6.098365783691406250e-02
-7.867813110351562500e-04 -4.080533981323242188e-04 6.229019165039062500e-02
-6.847381591796875000e-04 -5.606412887573242188e-04 5.659103393554687500e-02
-4.034042358398437500e-04 -5.418062210083007812e-04 4.854965209960937500e-02
-5.054473876953125000e-04 -5.151033401489257812e-04 4.815959930419921875e-02
-1.888275146484375000e-04 -4.899501800537109375e-04 4.960155487060546875e-02
-1.239776611328125000e-04 -4.421472549438476562e-04 5.030536651611328125e-02
1.115798950195312500e-04 -2.496242523193359375e-04 5.451393127441406250e-02
-3.404617309570312500e-04 -2.135038375854492188e-04 5.757236480712890625e-02
-3.080368041992187500e-04 -2.523660659790039062e-04 5.918598175048828125e-02
-6.446838378906250000e-04 -3.297328948974609375e-04 6.068325042724609375e-02
-8.058547973632812500e-04 -4.136562347412109375e-04 6.063556671142578125e-02
-1.121520996093750000e-03 -5.171298980712890625e-04 5.888748168945312500e-02
-1.051902770996093750e-03 -5.297660827636718750e-04 6.121635437011718750e-02
-4.920959472656250000e-04 -5.196332931518554688e-04 6.363201141357421875e-02
-4.787445068359375000e-04 -6.029605865478515625e-04 6.178474426269531250e-02
-2.965927124023437500e-04 -7.052421569824218750e-04 5.928134918212890625e-02
-4.062652587890625000e-04 -6.964206695556640625e-04 5.806732177734375000e-02
-5.044937133789062500e-04 -5.701780319213867188e-04 5.810928344726562500e-02
-8.955001831054687500e-04 -5.358457565307617188e-04 5.957984924316406250e-02
-7.276535034179687500e-04 -5.400180816650390625e-04 6.278514862060546875e-02
-5.655288696289062500e-04 -6.151199340820312500e-04 6.313610076904296875e-02
-5.302429199218750000e-04 -6.639957427978515625e-04 6.272315979003906250e-02
-2.536773681640625000e-04 -7.079839706420898438e-04 6.191444396972656250e-02
-2.260208129882812500e-04 -5.340576171875000000e-04 6.264019012451171875e-02
-2.365112304687500000e-04 -5.204677581787109375e-04 6.315517425537109375e-02
-2.117156982421875000e-04 -5.404949188232421875e-04 6.315422058105468750e-02
-3.671646118164062500e-04 -5.937814712524414062e-04 6.226348876953125000e-02
-1.173019409179687500e-04 -5.331039428710937500e-04 6.155204772949218750e-02
-6.675720214843750000e-04 -5.927085876464843750e-04 6.303405761718750000e-02
-3.747940063476562500e-04 -6.675720214843750000e-04 6.176853179931640625e-02
-3.805160522460937500e-04 -6.777048110961914062e-04 6.049251556396484375e-02
-5.378723144531250000e-04 -6.206035614013671875e-04 5.993270874023437500e-02
-1.430511474609375000e-04 -5.581378936767578125e-04 5.902862548828125000e-02
-7.028579711914062500e-04 -5.140304565429687500e-04 5.707645416259765625e-02
-3.519058227539062500e-04 -6.755590438842773438e-04 5.631160736083984375e-02
-3.442764282226562500e-04 -6.089210510253906250e-04 5.765819549560546875e-02
-6.732940673828125000e-04 -5.571842193603515625e-04 5.992507934570312500e-02
-6.637573242187500000e-04 -5.584955215454101562e-04 5.916118621826171875e-02
-4.224777221679687500e-04 -5.514621734619140625e-04 5.864238739013671875e-02
-9.441375732421875000e-05 -4.812479019165039062e-04 6.020641326904296875e-02
-2.985000610351562500e-04 -6.752014160156250000e-04 6.232166290283203125e-02
-1.115798950195312500e-04 -7.342100143432617188e-04 5.640220642089843750e-02
8.392333984375000000e-05 -6.335973739624023438e-04 5.109691619873046875e-02
-9.250640869140625000e-05 -6.200075149536132812e-04 5.923271179199218750e-02
-1.773834228515625000e-04 -5.631446838378906250e-04 5.964469909667968750e-02
-1.173019409179687500e-04 -5.714893341064453125e-04 5.854034423828125000e-02
3.242492675781250000e-05 -7.094144821166992188e-04 6.020164489746093750e-02
1.621246337890625000e-05 -7.413625717163085938e-04 5.922508239746093750e-02
1.668930053710937500e-04 -7.226467132568359375e-04 5.568313598632812500e-02
2.717971801757812500e-04 -7.181167602539062500e-04 5.590629577636718750e-02
3.871917724609375000e-04 -7.128715515136718750e-04 5.769348144531250000e-02
2.355575561523437500e-04 -5.955696105957031250e-04 5.731391906738281250e-02
2.479553222656250000e-04 -6.670951843261718750e-04 5.875396728515625000e-02
7.629394531250000000e-06 -5.269050598144531250e-04 6.051635742187500000e-02
2.470016479492187500e-04 -5.073547363281250000e-04 5.658340454101562500e-02
7.629394531250000000e-06 -6.204843521118164062e-04 5.992507934570312500e-02
1.411437988281250000e-04 -7.634162902832031250e-04 5.829238891601562500e-02
5.302429199218750000e-04 -6.660223007202148438e-04 5.142402648925781250e-02
5.636215209960937500e-04 -7.176399230957031250e-04 5.485343933105468750e-02
3.385543823242187500e-04 -6.618499755859375000e-04 5.836105346679687500e-02
7.629394531250000000e-05 -5.962848663330078125e-04 5.735206604003906250e-02
8.392333984375000000e-05 -6.546974182128906250e-04 5.874061584472656250e-02
4.768371582031250000e-05 -6.291866302490234375e-04 6.122016906738281250e-02
-1.363754272460937500e-04 -6.337165832519531250e-04 6.102943420410156250e-02
-1.592636108398437500e-04 -6.844997406005859375e-04 6.272888183593750000e-02
-1.716613769531250000e-04 -7.236003875732421875e-04 6.170654296875000000e-02
-1.239776611328125000e-04 -6.790161132812500000e-04 6.276321411132812500e-02
-5.722045898437500000e-05 -7.166862487792968750e-04 6.418609619140625000e-02
-1.688003540039062500e-04 -7.216930389404296875e-04 6.336975097656250000e-02
6.961822509765625000e-05 -6.906986236572265625e-04 6.427574157714843750e-02
-1.506805419921875000e-04 -6.549358367919921875e-04 6.383895874023437500e-02
-6.294250488281250000e-05 -7.135868072509765625e-04 6.465911865234375000e-02
-2.727508544921875000e-04 -6.983280181884765625e-04 6.437110900878906250e-02
-5.340576171875000000e-05 -6.673336029052734375e-04 6.590461730957031250e-02
-3.433227539062500000e-05 -7.405281066894531250e-04 6.611251831054687500e-02
7.724761962890625000e-05 -7.822513580322265625e-04 6.369209289550781250e-02
-8.583068847656250000e-05 -7.205009460449218750e-04 6.361770629882812500e-02
-1.163482666015625000e-04 -5.514621734619140625e-04 6.264495849609375000e-02
-2.574920654296875000e-04 -6.041526794433593750e-04 6.307029724121093750e-02
-2.641677856445312500e-04 -6.084442138671875000e-04 6.599044799804687500e-02
-1.115798950195312500e-04 -8.494853973388671875e-04 6.565284729003906250e-02
5.149841308593750000e-05 -8.840560913085937500e-04 6.259155273437500000e-02
1.134872436523437500e-04 -8.411407470703125000e-04 6.033897399902343750e-02
4.768371582031250000e-05 -8.344650268554687500e-04 6.235694885253906250e-02
-9.632110595703125000e-05 -7.555484771728515625e-04 6.159210205078125000e-02
-3.528594970703125000e-05 -7.193088531494140625e-04 6.229782104492187500e-02
-5.149841308593750000e-05 -7.040500640869140625e-04 6.025505065917968750e-02
4.005432128906250000e-05 -7.007122039794921875e-04 6.088256835937500000e-02
-6.675720214843750000e-06 -7.438659667968750000e-04 6.175804138183593750e-02
-9.727478027343750000e-05 -8.621215820312500000e-04 6.224822998046875000e-02
-8.678436279296875000e-05 -8.015632629394531250e-04 6.288337707519531250e-02
7.820129394531250000e-05 -6.661415100097656250e-04 6.149864196777343750e-02
1.688003540039062500e-04 -5.946159362792968750e-04 6.175231933593750000e-02
4.196166992187500000e-05 -6.999969482421875000e-04 6.295585632324218750e-02
6.675720214843750000e-05 -7.588863372802734375e-04 6.204414367675781250e-02
5.435943603515625000e-05 -7.228851318359375000e-04 6.203460693359375000e-02
-1.716613769531250000e-05 -6.620883941650390625e-04 6.139945983886718750e-02
-1.811981201171875000e-05 -5.877017974853515625e-04 6.069755554199218750e-02
1.411437988281250000e-04 -6.139278411865234375e-04 6.041908264160156250e-02
1.707077026367187500e-04 -6.117820739746093750e-04 5.973052978515625000e-02
9.155273437500000000e-05 -6.166696548461914062e-04 5.748748779296875000e-02
1.363754272460937500e-04 -6.022453308105468750e-04 6.013488769531250000e-02
1.945495605468750000e-04 -6.730556488037109375e-04 5.804061889648437500e-02
-3.719329833984375000e-05 -5.630254745483398438e-04 5.777359008789062500e-02
4.482269287109375000e-05 -6.315708160400390625e-04 6.005859375000000000e-02
1.144409179687500000e-05 -5.329847335815429688e-04 5.814170837402343750e-02
-1.344680786132812500e-04 -5.925893783569335938e-04 5.632400512695312500e-02
-1.888275146484375000e-04 -5.255937576293945312e-04 5.431175231933593750e-02
-1.573562622070312500e-04 -5.363225936889648438e-04 5.637931823730468750e-02
-1.659393310546875000e-04 -4.872083663940429688e-04 5.910491943359375000e-02
-2.336502075195312500e-04 -4.220008850097656250e-04 5.905151367187500000e-02
-2.937316894531250000e-04 -4.669427871704101562e-04 5.790901184082031250e-02
-3.280639648437500000e-04 -4.897117614746093750e-04 5.702781677246093750e-02
-3.080368041992187500e-04 -5.283355712890625000e-04 5.681991577148437500e-02
-3.890991210937500000e-04 -5.630254745483398438e-04 5.803108215332031250e-02
-3.767013549804687500e-04 -5.606412887573242188e-04 5.688858032226562500e-02
-2.117156982421875000e-04 -5.850791931152343750e-04 5.718040466308593750e-02
-1.411437988281250000e-04 -5.894899368286132812e-04 5.603981018066406250e-02
-4.386901855468750000e-05 -5.617141723632812500e-04 5.484390258789062500e-02
-2.670288085937500000e-05 -5.484819412231445312e-04 5.348396301269531250e-02
-1.535415649414062500e-04 -5.378723144531250000e-04 5.347061157226562500e-02
-5.626678466796875000e-05 -5.959272384643554688e-04 5.293464660644531250e-02
-5.817413330078125000e-05 -6.060600280761718750e-04 5.298995971679687500e-02
-3.528594970703125000e-05 -5.288124084472656250e-04 5.466651916503906250e-02
2.355575561523437500e-04 -4.929304122924804688e-04 5.288314819335937500e-02
1.430511474609375000e-04 -5.391836166381835938e-04 5.119323730468750000e-02
2.937316894531250000e-04 -5.398988723754882812e-04 4.804039001464843750e-02
2.832412719726562500e-04 -4.773139953613281250e-04 4.468154907226562500e-02
4.348754882812500000e-04 -4.651546478271484375e-04 4.651451110839843750e-02
3.900527954101562500e-04 -3.852844238281250000e-04 4.685592651367187500e-02
2.074241638183593750e-04 -2.927780151367187500e-04 4.782295227050781250e-02
4.863739013671875000e-04 -2.799034118652343750e-04 4.878616333007812500e-02
5.817413330078125000e-04 -2.751350402832031250e-04 4.808616638183593750e-02
6.179809570312500000e-04 -3.293752670288085938e-04 4.776954650878906250e-02
6.985664367675781250e-04 -4.246234893798828125e-04 4.694557189941406250e-02
6.136894226074218750e-04 -4.187822341918945312e-04 4.465293884277343750e-02
6.284713745117187500e-04 -4.912614822387695312e-04 4.677391052246093750e-02
5.145072937011718750e-04 -4.091262817382812500e-04 4.721260070800781250e-02
3.647804260253906250e-04 -3.390312194824218750e-04 4.795837402343750000e-02
-6.771087646484375000e-05 -6.147623062133789062e-04 3.450393676757812500e-02
5.245208740234375000e-05 -5.903244018554687500e-04 3.120994567871093750e-02
1.373291015625000000e-04 -5.427598953247070312e-04 4.037284851074218750e-02
1.497268676757812500e-04 -4.771351814270019531e-04 5.222892761230468750e-02
-3.147125244140625000e-05 -5.592107772827148438e-04 5.163383483886718750e-02
9.250640869140625000e-05 -4.945993423461914062e-04 5.182266235351562500e-02
3.089904785156250000e-04 -3.927350044250488281e-04 5.188560485839843750e-02
3.013610839843750000e-04 -4.220604896545410156e-04 5.199432373046875000e-02
3.094673156738281250e-04 -4.775822162628173828e-04 5.218124389648437500e-02
1.168251037597656250e-04 -5.882382392883300781e-04 5.406188964843750000e-02
1.020431518554687500e-04 -6.103813648223876953e-04 5.186653137207031250e-02
8.440017700195312500e-05 -5.743503570556640625e-04 5.175971984863281250e-02
6.484985351562500000e-05 -5.415678024291992188e-04 5.237579345703125000e-02
3.328323364257812500e-04 -5.386471748352050781e-04 5.196189880371093750e-02
4.420280456542968750e-04 -5.497038364410400391e-04 5.073165893554687500e-02
7.557868957519531250e-04 -5.354285240173339844e-04 5.287170410156250000e-02
6.897449493408203125e-04 -5.914866924285888672e-04 5.427742004394531250e-02
5.049705505371093750e-04 -5.231499671936035156e-04 5.649566650390625000e-02
7.433891296386718750e-04 -5.773901939392089844e-04 5.567932128906250000e-02
6.232261657714843750e-04 -4.897713661193847656e-04 4.817390441894531250e-02
6.754398345947265625e-04 -3.023147583007812500e-04 3.573608398437500000e-02
5.393028259277343750e-04 -4.026293754577636719e-04 3.634071350097656250e-02
1.049280166625976562e-03 -4.422664642333984375e-04 3.966712951660156250e-02
1.173019409179687500e-03 -5.174875259399414062e-04 3.991699218750000000e-02
9.075403213500976562e-04 -5.010366439819335938e-04 3.778839111328125000e-02
1.315414905548095703e-03 -4.928112030029296875e-04 3.640174865722656250e-02
1.089498400688171387e-03 -3.663301467895507812e-04 3.504943847656250000e-02
1.082718372344970703e-03 -3.939867019653320312e-04 3.721427917480468750e-02
1.001477241516113281e-03 -4.459619522094726562e-04 4.247856140136718750e-02
9.769201278686523438e-04 -3.598928451538085938e-04 4.580879211425781250e-02
6.852149963378906250e-04 -2.983808517456054688e-04 4.904937744140625000e-02
1.003503799438476562e-03 -3.011226654052734375e-04 5.007743835449218750e-02
7.147789001464843750e-04 -4.489421844482421875e-04 5.270576477050781250e-02
3.540515899658203125e-04 -5.673170089721679688e-04 5.505561828613281250e-02
1.420974731445312500e-04 -5.534887313842773438e-04 5.514526367187500000e-02
2.689361572265625000e-04 -5.792379379272460938e-04 5.594062805175781250e-02
-1.978874206542968750e-04 -6.747245788574218750e-04 5.799674987792968750e-02
-4.768371582031250000e-07 -3.329515457153320312e-04 3.312492370605468750e-02
9.298324584960937500e-06 4.543066024780273438e-04 6.319046020507812500e-03
3.969669342041015625e-04 4.422664642333984375e-05 2.095031738281250000e-02
-2.911090850830078125e-04 -5.254745483398437500e-04 5.664062500000000000e-02
-5.857944488525390625e-04 -6.406307220458984375e-04 5.342102050781250000e-02
-3.185272216796875000e-04 -5.524158477783203125e-04 5.905723571777343750e-02
9.107589721679687500e-05 1.491308212280273438e-04 1.957321166992187500e-02
-1.916885375976562500e-04 6.060600280761718750e-04 9.384155273437500000e-04
-1.838207244873046875e-04 3.426074981689453125e-04 8.398056030273437500e-03
-5.857944488525390625e-04 -2.837181091308593750e-04 4.893302917480468750e-02
-5.266666412353515625e-04 -4.236698150634765625e-04 4.451370239257812500e-02
-2.183914184570312500e-04 -4.231929779052734375e-04 5.196189880371093750e-02
2.956390380859375000e-05 -5.156993865966796875e-04 4.785156250000000000e-02
1.163482666015625000e-04 -3.492832183837890625e-04 3.775024414062500000e-02
2.479553222656250000e-05 -4.513263702392578125e-04 4.320144653320312500e-02
-1.416206359863281250e-04 -4.072189331054687500e-04 4.705619812011718750e-02
1.218318939208984375e-04 -4.556179046630859375e-04 4.482269287109375000e-02
-1.072883605957031250e-05 -3.337860107421875000e-04 4.050064086914062500e-02
-1.816749572753906250e-04 -3.027915954589843750e-04 4.261970520019531250e-02
-3.712177276611328125e-04 -2.911090850830078125e-04 4.142189025878906250e-02
-8.106231689453125000e-05 -2.727508544921875000e-04 3.989219665527343750e-02
2.186298370361328125e-04 -3.685951232910156250e-04 3.739929199218750000e-02
3.991127014160156250e-04 -3.635883331298828125e-04 3.617668151855468750e-02
7.379055023193359375e-04 -3.011226654052734375e-04 3.510284423828125000e-02
8.792877197265625000e-04 -2.269744873046875000e-04 3.514289855957031250e-02
7.629394531250000000e-04 -2.682209014892578125e-04 3.460693359375000000e-02
8.106231689453125000e-04 -2.384185791015625000e-04 3.479766845703125000e-02
6.237030029296875000e-04 -1.921653747558593750e-04 3.309440612792968750e-02
4.029273986816406250e-04 -1.988410949707031250e-04 3.341293334960937500e-02
4.487037658691406250e-04 -2.002716064453125000e-04 3.306007385253906250e-02
6.990432739257812500e-04 -1.649856567382812500e-04 3.269386291503906250e-02
1.095771789550781250e-03 -1.783370971679687500e-04 2.940750122070312500e-02
1.298904418945312500e-03 -1.382827758789062500e-05 2.199745178222656250e-02
1.119613647460937500e-03 8.535385131835937500e-05 1.695632934570312500e-02
7.429122924804687500e-04 6.437301635742187500e-05 1.418304443359375000e-02
3.547668457031250000e-04 4.673004150390625000e-05 1.295280456542968750e-02
5.569458007812500000e-04 5.292892456054687500e-05 1.603507995605468750e-02
6.866455078125000000e-04 4.863739013671875000e-05 1.714706420898437500e-02
8.869171142578125000e-04 2.350807189941406250e-04 1.608467102050781250e-02
7.619857788085937500e-04 2.827644348144531250e-04 1.429367065429687500e-02
-3.147125244140625000e-05 7.963180541992187500e-05 1.413154602050781250e-02
-4.682540893554687500e-04 -5.578994750976562500e-05 1.349639892578125000e-02
-5.531311035156250000e-04 -3.528594970703125000e-05 1.259231567382812500e-02
-1.087188720703125000e-04 8.249282836914062500e-05 1.157188415527343750e-02
3.242492675781250000e-04 5.245208740234375000e-05 8.571624755859375000e-03
5.578994750976562500e-04 5.197525024414062500e-05 7.961273193359375000e-03
5.273818969726562500e-04 7.581710815429687500e-05 6.023406982421875000e-03
1.955032348632812500e-04 -2.861022949218750000e-06 6.269454956054687500e-03
-1.716613769531250000e-04 -1.192092895507812500e-05 8.628845214843750000e-03
2.260208129882812500e-04 -6.675720214843750000e-05 1.006507873535156250e-02
5.712509155273437500e-04 1.945495605468750000e-04 1.018142700195312500e-02
2.174377441406250000e-04 1.993179321289062500e-04 1.038551330566406250e-02
1.726150512695312500e-04 -2.622604370117187500e-05 7.738113403320312500e-03
-4.196166992187500000e-04 2.956390380859375000e-05 8.356094360351562500e-03
-4.844665527343750000e-04 8.583068847656250000e-06 9.130477905273437500e-03
-4.014968872070312500e-04 -1.287460327148437500e-05 9.634017944335937500e-03
-2.441406250000000000e-04 -3.814697265625000000e-05 9.174346923828125000e-03
-3.519058227539062500e-04 6.008148193359375000e-05 1.017761230468750000e-02
-1.071929931640625000e-03 7.486343383789062500e-05 1.286506652832031250e-02
-1.331329345703125000e-03 2.717971801757812500e-05 1.367759704589843750e-02
-1.118659973144531250e-03 2.336502075195312500e-05 1.481628417968750000e-02
-2.059936523437500000e-04 1.497268676757812500e-04 1.706695556640625000e-02
5.626678466796875000e-05 1.773834228515625000e-04 1.704978942871093750e-02
-2.784729003906250000e-04 1.277923583984375000e-04 1.733207702636718750e-02
-6.093978881835937500e-04 1.816749572753906250e-04 1.630973815917968750e-02
-6.566047668457031250e-04 1.916885375976562500e-04 1.567268371582031250e-02
-1.064777374267578125e-03 1.378059387207031250e-04 1.670646667480468750e-02
-1.172542572021484375e-03 1.344680786132812500e-04 1.714706420898437500e-02
-1.093864440917968750e-03 1.502037048339843750e-04 1.452255249023437500e-02
-1.098632812500000000e-03 1.025199890136718750e-04 1.389312744140625000e-02
-1.410007476806640625e-03 8.630752563476562500e-05 8.089065551757812500e-03
-1.278162002563476562e-03 1.139640808105468750e-04 9.941101074218750000e-03
-1.661300659179687500e-03 3.337860107421875000e-06 1.875877380371093750e-02
-1.094222068786621094e-03 6.437301635742187500e-05 2.072334289550781250e-02
-1.211285591125488281e-03 3.910064697265625000e-05 2.187919616699218750e-02
-1.528918743133544922e-03 3.004074096679687500e-05 2.073669433593750000e-02
-1.482278108596801758e-03 2.527236938476562500e-05 2.089881896972656250e-02
-1.583814620971679688e-03 -1.382827758789062500e-05 2.296066284179687500e-02
-1.335859298706054688e-03 1.573562622070312500e-05 2.288436889648437500e-02
-1.265287399291992188e-03 -4.768371582031250000e-07 2.401351928710937500e-02
-1.240015029907226562e-03 -4.720687866210937500e-05 2.775382995605468750e-02
-1.237392425537109375e-03 -7.581710815429687500e-05 2.709579467773437500e-02
-1.125812530517578125e-03 -8.201599121093750000e-05 3.065109252929687500e-02
-1.196384429931640625e-03 -1.182556152343750000e-04 3.075981140136718750e-02
-1.001834869384765625e-03 -1.053810119628906250e-04 3.115081787109375000e-02
-9.016990661621093750e-04 -7.915496826171875000e-05 3.264808654785156250e-02
-8.029937744140625000e-04 -7.009506225585937500e-05 3.190040588378906250e-02
-7.858276367187500000e-04 -6.389617919921875000e-05 3.214263916015625000e-02
-1.079559326171875000e-03 -1.258850097656250000e-04 3.064537048339843750e-02
-1.082420349121093750e-03 -1.502037048339843750e-04 3.214073181152343750e-02
-1.076698303222656250e-03 -2.222061157226562500e-04 3.553581237792968750e-02
-9.851455688476562500e-04 -1.797676086425781250e-04 3.852081298828125000e-02
-8.563995361328125000e-04 -1.358985900878906250e-04 3.853797912597656250e-02
-7.867813110351562500e-04 -7.629394531250000000e-05 3.917884826660156250e-02
-7.181167602539062500e-04 -8.106231689453125000e-05 4.107666015625000000e-02
-5.922317504882812500e-04 -1.235008239746093750e-04 4.197311401367187500e-02
-5.474090576171875000e-04 -9.536743164062500000e-05 4.331779479980468750e-02
-4.806518554687500000e-04 -1.149177551269531250e-04 4.415130615234375000e-02
-3.395080566406250000e-04 -1.406669616699218750e-04 4.422950744628906250e-02
-1.640319824218750000e-04 -1.564025878906250000e-04 4.385375976562500000e-02
-1.525878906250000000e-04 -2.231597900390625000e-04 4.391288757324218750e-02
-1.955032348632812500e-04 -2.417564392089843750e-04 4.542160034179687500e-02
-2.584457397460937500e-04 -2.756118774414062500e-04 4.684638977050781250e-02
-1.697540283203125000e-04 -2.837181091308593750e-04 4.733657836914062500e-02
-5.722045898437500000e-05 -2.770423889160156250e-04 4.806137084960937500e-02
-4.196166992187500000e-05 -3.194808959960937500e-04 4.920768737792968750e-02
-5.912780761718750000e-05 -3.433227539062500000e-04 4.969024658203125000e-02
-3.004074096679687500e-04 -4.081726074218750000e-04 4.916381835937500000e-02
1.716613769531250000e-05 -4.162788391113281250e-04 4.965019226074218750e-02
-5.054473876953125000e-05 -4.081726074218750000e-04 4.985046386718750000e-02
-3.690719604492187500e-04 -2.851486206054687500e-04 4.989051818847656250e-02
-1.029968261718750000e-04 -2.465248107910156250e-04 5.062294006347656250e-02
-2.508163452148437500e-04 -2.722740173339843750e-04 5.225181579589843750e-02
5.149841308593750000e-05 -3.557205200195312500e-04 4.825019836425781250e-02
-1.525878906250000000e-05 -3.442764282226562500e-04 4.866027832031250000e-02
-3.910064697265625000e-05 -3.943443298339843750e-04 5.076789855957031250e-02
-7.915496826171875000e-05 -3.395080566406250000e-04 5.321502685546875000e-02
-1.039505004882812500e-04 -3.600120544433593750e-04 5.383300781250000000e-02
-3.023147583007812500e-04 -3.633499145507812500e-04 5.423164367675781250e-02
-3.414154052734375000e-04 -4.653930664062500000e-04 5.386734008789062500e-02
-3.910064697265625000e-04 -4.615783691406250000e-04 5.153274536132812500e-02
-3.929138183593750000e-04 -4.124641418457031250e-04 5.117988586425781250e-02
-2.365112304687500000e-04 -3.938674926757812500e-04 5.072402954101562500e-02
-6.752014160156250000e-04 -4.200935363769531250e-04 5.085182189941406250e-02
-3.862380981445312500e-04 -4.706382751464843750e-04 4.909324645996093750e-02
-2.136230468750000000e-04 -5.350112915039062500e-04 4.432678222656250000e-02
-3.347396850585937500e-04 -6.165504455566406250e-04 4.628562927246093750e-02
-1.945495605468750000e-04 -6.365776062011718750e-04 4.549026489257812500e-02
0.000000000000000000e+00 -6.837844848632812500e-04 4.878807067871093750e-02
1.077651977539062500e-04 -6.270408630371093750e-04 4.869079589843750000e-02
3.690719604492187500e-04 -5.846023559570312500e-04 5.068206787109375000e-02
2.765655517578125000e-04 -5.350112915039062500e-04 5.060768127441406250e-02
3.547668457031250000e-04 -6.117820739746093750e-04 4.988098144531250000e-02
3.604888916015625000e-04 -6.003379821777343750e-04 4.794883728027343750e-02
4.024505615234375000e-04 -5.984306335449218750e-04 4.537010192871093750e-02
4.978179931640625000e-04 -6.294250488281250000e-04 4.780006408691406250e-02
7.314682006835937500e-04 -5.259513854980468750e-04 4.800033569335937500e-02
8.668899536132812500e-04 -5.593299865722656250e-04 5.074882507324218750e-02
6.999969482421875000e-04 -6.227493286132812500e-04 4.569435119628906250e-02
8.373260498046875000e-04 -6.341934204101562500e-04 4.268455505371093750e-02
6.942749023437500000e-04 -6.918907165527343750e-04 4.515647888183593750e-02
6.132125854492187500e-04 -7.414817810058593750e-04 4.511642456054687500e-02
1.184463500976562500e-03 -6.833076477050781250e-04 4.854965209960937500e-02
6.625652313232421875e-04 -7.162094116210937500e-04 4.636764526367187500e-02
1.103639602661132812e-03 -6.675720214843750000e-04 4.887390136718750000e-02
1.198232173919677734e-03 -7.667541503906250000e-04 4.602241516113281250e-02
1.030474901199340820e-03 -7.123947143554687500e-04 4.829216003417968750e-02
9.652376174926757812e-04 -6.141662597656250000e-04 4.843521118164062500e-02
7.899999618530273438e-04 -6.732940673828125000e-04 5.009651184082031250e-02
2.985000610351562500e-04 -7.019042968750000000e-04 4.746055603027343750e-02
2.861022949218750000e-04 -7.209777832031250000e-04 4.763984680175781250e-02
7.052421569824218750e-04 -6.809234619140625000e-04 5.557060241699218750e-02
8.125305175781250000e-04 -5.798339843750000000e-04 5.749893188476562500e-02
6.270408630371093750e-04 -6.551742553710937500e-04 6.233406066894531250e-02
6.213188171386718750e-04 -7.343292236328125000e-04 6.173324584960937500e-02
3.824234008789062500e-04 -7.429122924804687500e-04 6.492424011230468750e-02
-4.482269287109375000e-05 -7.772445678710937500e-04 6.653404235839843750e-02
-1.611709594726562500e-04 -7.791519165039062500e-04 6.684112548828125000e-02
-3.910064697265625000e-05 -7.963180541992187500e-04 6.509017944335937500e-02
8.249282836914062500e-05 -8.249282836914062500e-04 6.299018859863281250e-02
1.702308654785156250e-04 -7.495880126953125000e-04 6.190490722656250000e-02
-1.621246337890625000e-05 -7.495880126953125000e-04 6.346130371093750000e-02
-1.835823059082031250e-04 -6.656646728515625000e-04 6.311607360839843750e-02
-2.160072326660156250e-04 -6.704330444335937500e-04 6.482505798339843750e-02
-2.532005310058593750e-04 -8.611679077148437500e-04 6.491470336914062500e-02
-7.820129394531250000e-05 -8.525848388671875000e-04 6.473159790039062500e-02
-7.343292236328125000e-05 -8.497238159179687500e-04 6.682777404785156250e-02
-1.211166381835937500e-04 -7.667541503906250000e-04 6.657028198242187500e-02
-3.042221069335937500e-04 -8.029937744140625000e-04 6.674957275390625000e-02
-4.358291625976562500e-04 -7.934570312500000000e-04 6.692123413085937500e-02
-2.770423889160156250e-04 -8.420944213867187500e-04 6.683921813964843750e-02
-1.354217529296875000e-04 -6.961822509765625000e-04 6.612586975097656250e-02
-1.320838928222656250e-04 -8.172988891601562500e-04 6.789398193359375000e-02
-7.629394531250000000e-06 -7.925033569335937500e-04 6.685447692871093750e-02
-4.768371582031250000e-07 -8.077621459960937500e-04 6.689834594726562500e-02
-1.568794250488281250e-04 -7.305145263671875000e-04 6.524467468261718750e-02
4.768371582031250000e-05 -7.677078247070312500e-04 6.736183166503906250e-02
-2.202987670898437500e-04 -7.524490356445312500e-04 6.707572937011718750e-02
-1.082420349121093750e-04 -7.820129394531250000e-04 6.795692443847656250e-02
-2.398490905761718750e-04 -8.354187011718750000e-04 6.912422180175781250e-02
-1.721382141113281250e-04 -8.602142333984375000e-04 6.753158569335937500e-02
-1.430511474609375000e-04 -8.678436279296875000e-04 6.765174865722656250e-02
-1.721382141113281250e-04 -8.611679077148437500e-04 6.848144531250000000e-02
-6.675720214843750000e-06 -9.174346923828125000e-04 6.581306457519531250e-02
-6.961822509765625000e-05 -8.878707885742187500e-04 6.834983825683593750e-02
-1.583099365234375000e-04 -8.459091186523437500e-04 6.900787353515625000e-02
-1.120567321777343750e-04 -8.783340454101562500e-04 6.868362426757812500e-02
4.005432128906250000e-05 -8.611679077148437500e-04 6.956863403320312500e-02
-1.282691955566406250e-04 -8.144378662109375000e-04 7.051658630371093750e-02
-1.430511474609375000e-06 -8.630752563476562500e-04 7.057189941406250000e-02
-1.254081726074218750e-04 -8.716583251953125000e-04 7.147216796875000000e-02
-1.120567321777343750e-04 -8.726119995117187500e-04 7.333755493164062500e-02
-1.082420349121093750e-04 -9.012222290039062500e-04 7.442283630371093750e-02
-1.511573791503906250e-04 -9.107589721679687500e-04 7.464027404785156250e-02
-1.683235168457031250e-04 -8.745193481445312500e-04 7.527160644531250000e-02
-1.344680786132812500e-04 -8.840560913085937500e-04 7.479858398437500000e-02
-1.397132873535156250e-04 -9.145736694335937500e-04 7.341575622558593750e-02
-2.574920654296875000e-04 -8.678436279296875000e-04 7.374191284179687500e-02
-2.350807189941406250e-04 -9.822845458984375000e-04 7.279968261718750000e-02
-2.355575561523437500e-04 -9.365081787109375000e-04 7.484817504882812500e-02
-5.002021789550781250e-04 -9.365081787109375000e-04 7.398223876953125000e-02
-3.652572631835937500e-04 -9.155273437500000000e-04 7.363510131835937500e-02
-2.608299255371093750e-04 -9.460449218750000000e-04 7.305145263671875000e-02
-2.164840698242187500e-04 -9.517669677734375000e-04 7.266998291015625000e-02
-2.460479736328125000e-04 -9.241104125976562500e-04 7.483673095703125000e-02
-3.457069396972656250e-04 -8.764266967773437500e-04 7.341766357421875000e-02
-3.218650817871093750e-04 -8.993148803710937500e-04 7.543945312500000000e-02
-2.465248107910156250e-04 -9.183883666992187500e-04 7.525253295898437500e-02
-1.626014709472656250e-04 -9.775161743164062500e-04 7.397460937500000000e-02
-4.768371582031250000e-05 -9.393692016601562500e-04 7.429885864257812500e-02
-2.140998840332031250e-04 -8.974075317382812500e-04 7.509231567382812500e-02
-1.282691955566406250e-04 -8.640289306640625000e-04 7.416534423828125000e-02
-3.180503845214843750e-04 -8.878707885742187500e-04 7.366943359375000000e-02
-2.856254577636718750e-04 -8.831024169921875000e-04 7.314300537109375000e-02
-1.716613769531250000e-04 -8.869171142578125000e-04 7.373428344726562500e-02
-3.142356872558593750e-04 -9.174346923828125000e-04 7.212448120117187500e-02
-1.769065856933593750e-04 -9.059906005859375000e-04 7.262420654296875000e-02
-3.070831298828125000e-04 -8.716583251953125000e-04 7.172012329101562500e-02
-3.857612609863281250e-04 -9.012222290039062500e-04 7.230377197265625000e-02
-4.305839538574218750e-04 -8.916854858398437500e-04 7.266616821289062500e-02
-1.068115234375000000e-04 -8.525848388671875000e-04 7.148361206054687500e-02
-1.015663146972656250e-04 -8.010864257812500000e-04 7.086181640625000000e-02
2.846717834472656250e-04 -8.459091186523437500e-04 7.122421264648437500e-02
4.959106445312500000e-05 -9.136199951171875000e-04 7.206344604492187500e-02
-2.226829528808593750e-04 -9.746551513671875000e-04 7.067108154296875000e-02
-3.814697265625000000e-04 -9.346008300781250000e-04 7.379913330078125000e-02
-4.067420959472656250e-04 -8.440017700195312500e-04 7.461547851562500000e-02
-2.450942993164062500e-04 -8.640289306640625000e-04 7.548522949218750000e-02
-3.790855407714843750e-04 -8.583068847656250000e-04 7.617568969726562500e-02
-5.202293395996093750e-04 -8.792877197265625000e-04 7.524871826171875000e-02
-3.061294555664062500e-04 -8.459091186523437500e-04 7.660293579101562500e-02
-3.585815429687500000e-04 -8.554458618164062500e-04 7.439804077148437500e-02
-3.623962402343750000e-05 -9.002685546875000000e-04 7.372665405273437500e-02
-1.182556152343750000e-04 -8.373260498046875000e-04 7.222366333007812500e-02
-1.173019409179687500e-04 -8.363723754882812500e-04 7.402038574218750000e-02
-2.164840698242187500e-04 -8.144378662109375000e-04 7.451248168945312500e-02
-2.388954162597656250e-04 -8.964538574218750000e-04 7.218551635742187500e-02
-2.970695495605468750e-04 -8.935928344726562500e-04 6.924438476562500000e-02
-5.245208740234375000e-04 -8.602142333984375000e-04 7.276153564453125000e-02
-5.965232849121093750e-04 -8.716583251953125000e-04 7.264709472656250000e-02
-3.151893615722656250e-04 -8.115768432617187500e-04 7.330703735351562500e-02
-1.091957092285156250e-04 -7.629394531250000000e-04 7.294082641601562500e-02
-4.243850708007812500e-05 -7.877349853515625000e-04 7.143783569335937500e-02
-1.902580261230468750e-04 -8.573532104492187500e-04 7.329177856445312500e-02
-1.397132873535156250e-04 -8.621215820312500000e-04 7.316589355468750000e-02
-2.722740173339843750e-04 -8.745193481445312500e-04 7.295227050781250000e-02
-2.532005310058593750e-04 -8.430480957031250000e-04 7.239151000976562500e-02
-2.627372741699218750e-04 -7.953643798828125000e-04 7.004928588867187500e-02
-1.759529113769531250e-04 -7.629394531250000000e-04 6.949615478515625000e-02
-2.689361572265625000e-04 -7.581710815429687500e-04 7.069015502929687500e-02
-1.735687255859375000e-04 -7.820129394531250000e-04 7.201766967773437500e-02
1.907348632812500000e-05 -8.153915405273437500e-04 6.906509399414062500e-02
2.284049987792968750e-04 -7.781982421875000000e-04 6.224060058593750000e-02
-8.249282836914062500e-05 -7.753372192382812500e-04 6.697082519531250000e-02
2.861022949218750000e-05 -7.038116455078125000e-04 6.827545166015625000e-02
-1.592636108398437500e-04 -7.238388061523437500e-04 6.664276123046875000e-02
-2.584457397460937500e-04 -7.095336914062500000e-04 6.575012207031250000e-02
-3.232955932617187500e-04 -6.647109985351562500e-04 6.487655639648437500e-02
-1.478195190429687500e-04 -6.494522094726562500e-04 6.260681152343750000e-02
-3.347396850585937500e-04 -6.313323974609375000e-04 6.037139892578125000e-02
-5.793571472167968750e-04 -6.380081176757812500e-04 5.859756469726562500e-02
-1.506805419921875000e-04 -6.513595581054687500e-04 5.543518066406250000e-02
-1.158714294433593750e-04 -6.065368652343750000e-04 5.340957641601562500e-02
-1.215934753417968750e-04 -5.292892456054687500e-04 5.268859863281250000e-02
-3.333091735839843750e-04 -4.968643188476562500e-04 4.951095581054687500e-02
-3.285408020019531250e-04 -4.520416259765625000e-04 4.759597778320312500e-02
-1.244544982910156250e-04 -4.081726074218750000e-04 4.330062866210937500e-02
2.861022949218750000e-05 -4.673004150390625000e-04 3.817749023437500000e-02
1.587867736816406250e-04 -3.356933593750000000e-04 3.341674804687500000e-02
4.467964172363281250e-04 -1.468658447265625000e-04 2.859497070312500000e-02
7.972717285156250000e-04 -1.878738403320312500e-04 2.909469604492187500e-02
1.118659973144531250e-03 -1.592636108398437500e-04 2.717971801757812500e-02
1.211166381835937500e-03 -1.583099365234375000e-04 2.468109130859375000e-02
1.416206359863281250e-03 -1.354217529296875000e-04 2.023315429687500000e-02
1.563072204589843750e-03 -6.961822509765625000e-05 1.960372924804687500e-02
1.852989196777343750e-03 -8.201599121093750000e-05 2.220916748046875000e-02
2.199172973632812500e-03 -1.668930053710937500e-04 1.780319213867187500e-02
2.431869506835937500e-03 -1.621246337890625000e-04 1.737594604492187500e-02
2.393722534179687500e-03 -1.535415649414062500e-04 1.697540283203125000e-02
2.651214599609375000e-03 -1.106262207031250000e-04 1.332855224609375000e-02
2.920150756835937500e-03 -8.964538574218750000e-05 1.530838012695312500e-02
2.872467041015625000e-03 -6.103515625000000000e-05 1.667785644531250000e-02
2.517700195312500000e-03 -2.193450927734375000e-05 1.657676696777343750e-02
2.399444580078125000e-03 -1.144409179687500000e-05 1.592445373535156250e-02
2.534866333007812500e-03 2.384185791015625000e-05 1.630973815917968750e-02
2.677917480468750000e-03 5.722045898437500000e-06 1.576614379882812500e-02
2.655029296875000000e-03 -1.106262207031250000e-04 1.591491699218750000e-02
2.906799316406250000e-03 -1.029968261718750000e-04 1.536560058593750000e-02
2.525329589843750000e-03 -9.822845458984375000e-05 1.380825042724609375e-02
2.330780029296875000e-03 3.147125244140625000e-05 1.089191436767578125e-02
2.159118652343750000e-03 1.049041748046875000e-04 1.216411590576171875e-02
2.151489257812500000e-03 7.915496826171875000e-05 1.233005523681640625e-02
2.433776855468750000e-03 -6.675720214843750000e-05 1.305007934570312500e-02
2.586364746093750000e-03 -9.632110595703125000e-05 1.361370086669921875e-02
2.563476562500000000e-03 -1.440048217773437500e-04 1.302671432495117188e-02
2.468109130859375000e-03 -2.222061157226562500e-04 1.298588514328002930e-02
2.384185791015625000e-03 -1.802444458007812500e-04 1.454317569732666016e-02
2.513885498046875000e-03 -1.049041748046875000e-04 1.636457443237304688e-02
2.460479736328125000e-03 -2.298355102539062500e-04 1.913881301879882812e-02
2.273559570312500000e-03 -1.993179321289062500e-04 2.295064926147460938e-02
2.025604248046875000e-03 -2.059936523437500000e-04 2.273082733154296875e-02
1.773834228515625000e-03 -1.869201660156250000e-04 2.569484710693359375e-02
1.194000244140625000e-03 -2.946853637695312500e-04 3.278160095214843750e-02
9.689331054687500000e-04 -2.708435058593750000e-04 3.959178924560546875e-02
6.141662597656250000e-04 -2.527236938476562500e-04 3.954887390136718750e-02
2.441406250000000000e-04 -2.937316894531250000e-04 4.331588745117187500e-02
2.632141113281250000e-04 -4.234313964843750000e-04 4.561328887939453125e-02
3.623962402343750000e-04 -3.519058227539062500e-04 4.672622680664062500e-02
2.861022949218750000e-04 -3.890991210937500000e-04 4.805564880371093750e-02
1.068115234375000000e-04 -4.224777221679687500e-04 4.761505126953125000e-02
1.678466796875000000e-04 -4.339218139648437500e-04 4.875946044921875000e-02
5.187988281250000000e-04 -3.604888916015625000e-04 4.559326171875000000e-02
2.861022949218750000e-04 -4.281997680664062500e-04 4.641532897949218750e-02
3.166198730468750000e-04 -4.549026489257812500e-04 4.483985900878906250e-02
4.806518554687500000e-04 -4.854202270507812500e-04 4.604530334472656250e-02
7.343292236328125000e-04 -4.444122314453125000e-04 4.566192626953125000e-02
6.923675537109375000e-04 -4.730224609375000000e-04 4.393577575683593750e-02
7.629394531250000000e-04 -4.606246948242187500e-04 4.316711425781250000e-02
8.735656738281250000e-04 -4.692077636718750000e-04 4.834747314453125000e-02
7.057189941406250000e-04 -5.168914794921875000e-04 4.762458801269531250e-02
5.474090576171875000e-04 -5.502700805664062500e-04 5.569267272949218750e-02
3.852844238281250000e-04 -5.836486816406250000e-04 5.670738220214843750e-02
2.098083496093750000e-05 -5.655288696289062500e-04 5.660820007324218750e-02
-2.040863037109375000e-04 -6.151199340820312500e-04 5.878829956054687500e-02
-5.264282226562500000e-04 -7.295608520507812500e-04 5.530166625976562500e-02
-5.283355712890625000e-04 -8.306503295898437500e-04 5.331802368164062500e-02
-3.223419189453125000e-04 -8.392333984375000000e-04 5.122566223144531250e-02
-1.945495605468750000e-04 -6.742477416992187500e-04 4.870796203613281250e-02
-4.348754882812500000e-04 -7.791519165039062500e-04 5.225944519042968750e-02
-4.177093505859375000e-04 -6.895065307617187500e-04 5.818748474121093750e-02
-6.275177001953125000e-04 -6.999969482421875000e-04 6.108856201171875000e-02
-6.179809570312500000e-04 -8.230209350585937500e-04 5.957412719726562500e-02
-4.215240478515625000e-04 -9.222030639648437500e-04 5.711174011230468750e-02
-1.392364501953125000e-04 -8.640289306640625000e-04 5.854606628417968750e-02
-5.779266357421875000e-04 -9.212493896484375000e-04 6.159210205078125000e-02
-4.673004150390625000e-04 -9.441375732421875000e-04 6.231689453125000000e-02
-4.158020019531250000e-04 -8.382797241210937500e-04 6.299781799316406250e-02
-3.643035888671875000e-04 -8.077621459960937500e-04 6.312561035156250000e-02
-4.367828369140625000e-04 -7.801055908203125000e-04 6.002616882324218750e-02
-3.795623779296875000e-04 -8.373260498046875000e-04 6.226158142089843750e-02
-2.098083496093750000e-04 -7.667541503906250000e-04 6.072425842285156250e-02
-1.888275146484375000e-04 -7.266998291015625000e-04 5.749702453613281250e-02
-6.484985351562500000e-05 -7.390975952148437500e-04 5.748558044433593750e-02
-3.280639648437500000e-04 -7.829666137695312500e-04 5.858039855957031250e-02
-4.329681396484375000e-04 -7.715225219726562500e-04 5.733299255371093750e-02
-2.746582031250000000e-04 -7.352828979492187500e-04 5.751419067382812500e-02
-3.471374511718750000e-04 -7.076263427734375000e-04 5.915069580078125000e-02
-4.329681396484375000e-04 -7.658004760742187500e-04 6.081771850585937500e-02
-4.272460937500000000e-04 -8.544921875000000000e-04 6.073570251464843750e-02
-2.803802490234375000e-04 -8.468627929687500000e-04 6.079673767089843750e-02
-5.130767822265625000e-04 -7.047653198242187500e-04 6.166458129882812500e-02
-4.253387451171875000e-04 -6.599426269531250000e-04 6.168746948242187500e-02
-5.264282226562500000e-04 -7.848739624023437500e-04 6.250953674316406250e-02
-2.899169921875000000e-04 -8.230209350585937500e-04 6.034278869628906250e-02
-2.021789550781250000e-04 -6.685256958007812500e-04 5.828857421875000000e-02
-4.329681396484375000e-04 -7.076263427734375000e-04 5.921363830566406250e-02
-3.490447998046875000e-04 -7.181167602539062500e-04 5.697631835937500000e-02
-3.929138183593750000e-04 -6.237030029296875000e-04 5.476188659667968750e-02
-3.604888916015625000e-04 -5.083084106445312500e-04 5.547714233398437500e-02
-2.975463867187500000e-04 -5.187988281250000000e-04 5.573463439941406250e-02
-5.531311035156250000e-04 -6.322860717773437500e-04 5.378150939941406250e-02
-4.959106445312500000e-04 -6.179809570312500000e-04 5.023765563964843750e-02
-4.024505615234375000e-04 -5.626678466796875000e-04 5.238533020019531250e-02
-1.735687255859375000e-04 -5.102157592773437500e-04 5.035591125488281250e-02
-2.250671386718750000e-04 -4.491806030273437500e-04 5.070304870605468750e-02
-4.062652587890625000e-04 -4.358291625976562500e-04 4.909515380859375000e-02
-3.967285156250000000e-04 -4.215240478515625000e-04 4.820251464843750000e-02
7.820129394531250000e-05 -3.080368041992187500e-04 4.764938354492187500e-02
5.722045898437500000e-06 -2.851486206054687500e-04 4.793357849121093750e-02
-5.149841308593750000e-04 -3.910064697265625000e-04 4.584121704101562500e-02
-4.291534423828125000e-04 -4.310607910156250000e-04 4.629898071289062500e-02
-2.994537353515625000e-04 -3.881454467773437500e-04 4.444503784179687500e-02
-3.871917724609375000e-04 -3.376007080078125000e-04 4.388427734375000000e-02
-1.258850097656250000e-04 -2.613067626953125000e-04 4.108810424804687500e-02
2.861022949218750000e-05 -2.365112304687500000e-04 3.928565979003906250e-02
5.531311035156250000e-05 -2.298355102539062500e-04 3.717422485351562500e-02
-1.144409179687500000e-04 -1.649856567382812500e-04 3.436851501464843750e-02
-4.520416259765625000e-04 -1.592636108398437500e-04 3.268814086914062500e-02
-3.089904785156250000e-04 -1.010894775390625000e-04 3.116607666015625000e-02
1.602172851562500000e-04 -1.430511474609375000e-05 2.835655212402343750e-02
5.474090576171875000e-04 3.623962402343750000e-05 2.472496032714843750e-02
9.536743164062500000e-05 1.430511474609375000e-05 2.291297912597656250e-02
-1.583099365234375000e-04 3.242492675781250000e-05 2.179908752441406250e-02
-9.918212890625000000e-05 8.010864257812500000e-05 1.891136169433593750e-02
1.792907714843750000e-04 6.389617919921875000e-05 1.923561096191406250e-02
8.773803710937500000e-05 8.296966552734375000e-05 1.818466186523437500e-02
9.918212890625000000e-05 1.640319824218750000e-04 1.295852661132812500e-02
1.430511474609375000e-04 1.688003540039062500e-04 1.380729675292968750e-02
2.651214599609375000e-04 1.449584960937500000e-04 1.509857177734375000e-02
1.487731933593750000e-04 8.010864257812500000e-05 1.507377624511718750e-02
3.623962402343750000e-05 6.771087646484375000e-05 1.497077941894531250e-02
1.716613769531250000e-05 4.291534423828125000e-05 1.596069335937500000e-02
-2.670288085937500000e-05 3.719329833984375000e-05 1.508712768554687500e-02
-1.049041748046875000e-04 4.482269287109375000e-05 1.486396789550781250e-02
-8.010864257812500000e-05 4.768371582031250000e-05 1.600074768066406250e-02
2.479553222656250000e-05 3.910064697265625000e-05 1.692390441894531250e-02
1.258850097656250000e-04 4.005432128906250000e-05 1.699066162109375000e-02
1.621246337890625000e-04 3.337860107421875000e-05 1.690483093261718750e-02
2.479553222656250000e-05 2.002716064453125000e-05 1.709747314453125000e-02
-1.201629638671875000e-04 -2.861022949218750000e-06 1.832008361816406250e-02
-9.155273437500000000e-05 -3.910064697265625000e-05 1.903533935546875000e-02
5.340576171875000000e-05 -8.583068847656250000e-06 1.950454711914062500e-02
1.010894775390625000e-04 -1.239776611328125000e-05 2.077674865722656250e-02
9.536743164062500000e-06 -1.907348632812500000e-06 1.981544494628906250e-02
-2.670288085937500000e-05 -3.337860107421875000e-05 1.939010620117187500e-02
-9.727478027343750000e-05 -2.384185791015625000e-05 1.764869689941406250e-02
-1.144409179687500000e-05 -8.583068847656250000e-06 1.852989196777343750e-02
1.792907714843750000e-04 5.531311035156250000e-05 1.766777038574218750e-02
2.822875976562500000e-04 4.577636718750000000e-05 1.722717285156250000e-02
-5.722045898437500000e-06 -7.057189941406250000e-05 1.948356628417968750e-02
-3.108978271484375000e-04 -1.659393310546875000e-04 1.991462707519531250e-02
-4.158020019531250000e-04 -2.202987670898437500e-04 2.136993408203125000e-02
-1.792907714843750000e-04 -7.057189941406250000e-05 1.722335815429687500e-02
1.239776611328125000e-04 -1.096725463867187500e-05 1.626014709472656250e-02
1.945495605468750000e-04 3.623962402343750000e-05 1.548385620117187500e-02
1.811981201171875000e-04 3.576278686523437500e-05 1.474380493164062500e-02
1.583099365234375000e-04 5.722045898437500000e-05 1.485443115234375000e-02
1.106262207031250000e-04 7.963180541992187500e-05 1.449394226074218750e-02
9.918212890625000000e-05 9.441375732421875000e-05 1.345825195312500000e-02
7.057189941406250000e-05 1.311302185058593750e-04 1.396560668945312500e-02
8.773803710937500000e-05 1.158714294433593750e-04 1.524734497070312500e-02
2.098083496093750000e-05 8.058547973632812500e-05 1.759147644042968750e-02
-1.811981201171875000e-04 1.296997070312500000e-04 1.802444458007812500e-02
-2.098083496093750000e-04 1.230239868164062500e-04 1.969718933105468750e-02
-1.811981201171875000e-04 9.918212890625000000e-05 2.185821533203125000e-02
-1.201629638671875000e-04 8.058547973632812500e-05 2.251243591308593750e-02
-3.700256347656250000e-04 4.529953002929687500e-05 2.432632446289062500e-02
-8.182525634765625000e-04 5.149841308593750000e-05 2.687454223632812500e-02
-4.005432128906250000e-04 3.528594970703125000e-05 2.899360656738281250e-02
-3.185272216796875000e-04 4.005432128906250000e-05 3.318405151367187500e-02
-5.817413330078125000e-04 1.144409179687500000e-05 3.573417663574218750e-02
-7.514953613281250000e-04 -5.578994750976562500e-05 3.832054138183593750e-02
-8.964538574218750000e-04 -1.416206359863281250e-04 3.529357910156250000e-02
-8.373260498046875000e-04 -1.521110534667968750e-04 3.899192810058593750e-02
-6.275177001953125000e-04 -1.153945922851562500e-04 4.136848449707031250e-02
-5.722045898437500000e-04 -2.121925354003906250e-04 4.311466217041015625e-02
-7.324218750000000000e-04 -2.975463867187500000e-04 4.621696472167968750e-02
-9.613037109375000000e-04 -2.894401550292968750e-04 4.692173004150390625e-02
-6.675720214843750000e-04 -2.861022949218750000e-04 4.976367950439453125e-02
-7.476806640625000000e-04 -4.172325134277343750e-04 5.098819732666015625e-02
-4.882812500000000000e-04 -4.477500915527343750e-04 5.146789550781250000e-02
-6.599426269531250000e-04 -4.420280456542968750e-04 5.119705200195312500e-02
-2.365112304687500000e-04 -4.220008850097656250e-04 5.189132690429687500e-02
-2.937316894531250000e-04 -4.744529724121093750e-04 5.146217346191406250e-02
-1.068115234375000000e-04 -5.049705505371093750e-04 5.119419097900390625e-02
-6.523132324218750000e-04 -5.722045898437500000e-04 4.482364654541015625e-02
-5.569458007812500000e-04 -5.965232849121093750e-04 4.842567443847656250e-02
-2.136230468750000000e-04 -5.531311035156250000e-04 5.030727386474609375e-02
8.392333984375000000e-05 -4.925727844238281250e-04 5.236911773681640625e-02
-3.166198730468750000e-04 -5.002021789550781250e-04 5.320644378662109375e-02
-4.920959472656250000e-04 -4.968643188476562500e-04 5.229377746582031250e-02
-3.471374511718750000e-04 -5.168914794921875000e-04 5.544757843017578125e-02
-1.678466796875000000e-04 -5.612373352050781250e-04 5.387592315673828125e-02
-1.106262207031250000e-04 -5.345344543457031250e-04 5.446720123291015625e-02
-3.585815429687500000e-04 -6.008148193359375000e-04 5.240154266357421875e-02
-4.615783691406250000e-04 -6.122589111328125000e-04 5.159568786621093750e-02
-3.166198730468750000e-04 -5.755424499511718750e-04 5.209541320800781250e-02
-3.967285156250000000e-04 -6.103515625000000000e-04 5.437660217285156250e-02
-3.013610839843750000e-04 -6.823539733886718750e-04 5.340766906738281250e-02
-4.005432128906250000e-04 -6.699562072753906250e-04 5.415630340576171875e-02
-1.029968261718750000e-04 -6.527900695800781250e-04 5.375766754150390625e-02
-4.844665527343750000e-04 -6.527900695800781250e-04 5.377388000488281250e-02
-1.411437988281250000e-04 -6.456375122070312500e-04 5.329704284667968750e-02
-3.051757812500000000e-04 -6.718635559082031250e-04 5.237293243408203125e-02
-9.918212890625000000e-05 -6.856918334960937500e-04 5.038070678710937500e-02
8.010864257812500000e-05 -6.208419799804687500e-04 5.249500274658203125e-02
3.395080566406250000e-04 -5.955696105957031250e-04 5.036640167236328125e-02
1.602172851562500000e-04 -6.041526794433593750e-04 5.045318603515625000e-02
-1.716613769531250000e-04 -5.946159362792968750e-04 4.676723480224609375e-02
3.814697265625000000e-06 -5.660057067871093750e-04 4.677581787109375000e-02
9.155273437500000000e-05 -6.341934204101562500e-04 5.097007751464843750e-02
4.959106445312500000e-05 -6.041526794433593750e-04 5.305957794189453125e-02
-1.182556152343750000e-04 -6.098747253417968750e-04 5.525970458984375000e-02
3.433227539062500000e-05 -6.217956542968750000e-04 5.397891998291015625e-02
-4.959106445312500000e-05 -6.775856018066406250e-04 5.550861358642578125e-02
-7.247924804687500000e-05 -6.728172302246093750e-04 5.553436279296875000e-02
-3.433227539062500000e-05 -6.361007690429687500e-04 5.494308471679687500e-02
1.144409179687500000e-05 -6.918907165527343750e-04 5.384063720703125000e-02
-6.866455078125000000e-05 -6.403923034667968750e-04 5.423545837402343750e-02
-6.866455078125000000e-05 -7.219314575195312500e-04 5.494022369384765625e-02
-1.296997070312500000e-04 -6.904602050781250000e-04 5.623340606689453125e-02
-1.831054687500000000e-04 -6.990432739257812500e-04 5.833816528320312500e-02
-1.869201660156250000e-04 -6.399154663085937500e-04 5.862140655517578125e-02
-2.365112304687500000e-04 -6.470680236816406250e-04 5.973911285400390625e-02
-2.975463867187500000e-04 -7.309913635253906250e-04 5.846214294433593750e-02
-2.059936523437500000e-04 -6.775856018066406250e-04 5.639553070068359375e-02
-2.174377441406250000e-04 -6.685256958007812500e-04 5.744743347167968750e-02
-2.403259277343750000e-04 -5.946159362792968750e-04 5.865192413330078125e-02
-8.010864257812500000e-05 -5.202293395996093750e-04 6.010341644287109375e-02
-7.247924804687500000e-05 -5.807876586914062500e-04 6.009101867675781250e-02
1.106262207031250000e-04 -5.850791931152343750e-04 5.855178833007812500e-02
-1.411437988281250000e-04 -6.446838378906250000e-04 5.782127380371093750e-02
-6.866455078125000000e-05 -6.780624389648437500e-04 5.721664428710937500e-02
-1.831054687500000000e-04 -7.042884826660156250e-04 5.760002136230468750e-02
-1.907348632812500000e-04 -7.376670837402343750e-04 5.720615386962890625e-02
-2.441406250000000000e-04 -6.856918334960937500e-04 5.585575103759765625e-02
-4.653930664062500000e-04 -6.928443908691406250e-04 5.759143829345703125e-02
-4.234313964843750000e-04 -6.427764892578125000e-04 5.956745147705078125e-02
-3.051757812500000000e-04 -6.647109985351562500e-04 5.791568756103515625e-02
-4.577636718750000000e-04 -8.096694946289062500e-04 5.971145629882812500e-02
-3.089904785156250000e-04 -7.705688476562500000e-04 5.685710906982421875e-02
-1.602172851562500000e-04 -7.495880126953125000e-04 5.774497985839843750e-02
1.640319824218750000e-04 -6.875991821289062500e-04 5.715084075927734375e-02
2.441406250000000000e-04 -6.079673767089843750e-04 5.963516235351562500e-02
-7.629394531250000000e-05 -7.328987121582031250e-04 6.025886535644531250e-02
1.907348632812500000e-05 -6.895065307617187500e-04 6.038951873779296875e-02
-6.103515625000000000e-05 -6.995201110839843750e-04 6.057453155517578125e-02
-2.822875976562500000e-04 -7.448196411132812500e-04 6.169414520263671875e-02
-2.365112304687500000e-04 -8.006095886230468750e-04 5.756664276123046875e-02
-2.670288085937500000e-05 -7.119178771972656250e-04 4.863262176513671875e-02
-9.536743164062500000e-05 -7.157325744628906250e-04 5.350875854492187500e-02
-3.585815429687500000e-04 -6.670951843261718750e-04 5.663776397705078125e-02
-1.411437988281250000e-04 -4.744529724121093750e-04 5.597114562988281250e-02
-1.716613769531250000e-04 -4.978179931640625000e-04 5.592441558837890625e-02
-1.525878906250000000e-04 -5.555152893066406250e-04 5.401897430419921875e-02
-1.525878906250000000e-04 -5.216598510742187500e-04 5.031585693359375000e-02
2.174377441406250000e-04 -3.995895385742187500e-04 4.436779022216796875e-02
-1.487731933593750000e-04 -3.781318664550781250e-04 4.526710510253906250e-02
-2.441406250000000000e-04 -3.352165222167968750e-04 4.325389862060546875e-02
-3.395080566406250000e-04 -3.252029418945312500e-04 4.064178466796875000e-02
1.907348632812500000e-05 -2.784729003906250000e-04 3.927612304687500000e-02
-6.866455078125000000e-05 -2.217292785644531250e-04 3.705024719238281250e-02
-2.861022949218750000e-04 -1.459121704101562500e-04 3.273582458496093750e-02
-3.547668457031250000e-04 -2.017021179199218750e-04 3.435611724853515625e-02
3.051757812500000000e-05 -1.611709594726562500e-04 3.283119201660156250e-02
4.577636718750000000e-05 -1.692771911621093750e-04 3.456020355224609375e-02
1.525878906250000000e-04 -1.416206359863281250e-04 3.455162048339843750e-02
-3.814697265625000000e-04 -2.007484436035156250e-04 3.275966644287109375e-02
-8.392333984375000000e-05 -2.326965332031250000e-04 3.296756744384765625e-02
1.373291015625000000e-04 -1.864433288574218750e-04 3.165149688720703125e-02
4.272460937500000000e-04 -1.502037048339843750e-04 3.292274475097656250e-02
2.975463867187500000e-04 -1.683235168457031250e-04 3.283500671386718750e-02
2.479553222656250000e-04 -2.012252807617187500e-04 3.271770477294921875e-02
6.866455078125000000e-05 -1.802444458007812500e-04 3.133773803710937500e-02
1.831054687500000000e-04 -1.282691955566406250e-04 2.933597564697265625e-02
1.678466796875000000e-04 -1.263618469238281250e-04 2.824687957763671875e-02
2.059936523437500000e-04 -1.163482666015625000e-04 2.854633331298828125e-02
-6.484985351562500000e-05 -8.010864257812500000e-05 2.590751647949218750e-02
8.010864257812500000e-05 -1.430511474609375000e-06 2.491664886474609375e-02
2.403259277343750000e-04 6.151199340820312500e-05 2.453517913818359375e-02
3.013610839843750000e-04 1.907348632812500000e-05 2.431678771972656250e-02
-3.051757812500000000e-05 1.430511474609375000e-05 2.383804321289062500e-02
-3.738403320312500000e-04 5.483627319335937500e-05 2.203559875488281250e-02
-2.822875976562500000e-04 4.339218139648437500e-05 2.146148681640625000e-02
-3.738403320312500000e-04 4.482269287109375000e-05 1.992416381835937500e-02
-3.433227539062500000e-04 8.535385131835937500e-05 1.888561248779296875e-02
-1.678466796875000000e-04 4.529953002929687500e-05 1.880168914794921875e-02
-4.196166992187500000e-05 4.816055297851562500e-05 1.696586608886718750e-02
-3.814697265625000000e-05 6.484985351562500000e-05 1.631069183349609375e-02
3.051757812500000000e-05 4.863739013671875000e-05 1.570892333984375000e-02
-3.433227539062500000e-05 6.246566772460937500e-05 1.550292968750000000e-02
-1.487731933593750000e-04 6.389617919921875000e-05 1.543426513671875000e-02
6.866455078125000000e-05 8.201599121093750000e-05 1.441860198974609375e-02
1.144409179687500000e-04 6.628036499023437500e-05 1.354408264160156250e-02
7.247924804687500000e-05 6.008148193359375000e-05 1.369476318359375000e-02
-4.196166992187500000e-05 1.668930053710937500e-05 1.285839080810546875e-02
-3.051757812500000000e-05 -1.716613769531250000e-05 1.137542724609375000e-02
4.196166992187500000e-05 -2.479553222656250000e-05 1.072216033935546875e-02
3.814697265625000000e-06 -2.717971801757812500e-05 1.080226898193359375e-02
-1.029968261718750000e-04 -3.576278686523437500e-05 1.092910766601562500e-02
-1.678466796875000000e-04 -4.339218139648437500e-05 1.014518737792968750e-02
-1.144409179687500000e-05 -2.431869506835937500e-05 8.665084838867187500e-03
1.296997070312500000e-04 -1.239776611328125000e-05 7.876396179199218750e-03
7.629394531250000000e-05 -3.337860107421875000e-05 7.680892944335937500e-03
-5.722045898437500000e-05 -5.817413330078125000e-05 8.213996887207031250e-03
-3.814697265625000000e-05 -5.197525024414062500e-05 7.349967956542968750e-03
5.340576171875000000e-05 -4.959106445312500000e-05 6.365776062011718750e-03
1.296997070312500000e-04 -4.196166992187500000e-05 5.158424377441406250e-03
8.773803710937500000e-05 -3.099441528320312500e-05 4.543304443359375000e-03
8.392333984375000000e-05 -4.529953002929687500e-05 4.693984985351562500e-03
5.722045898437500000e-05 -3.671646118164062500e-05 4.290580749511718750e-03
8.392333984375000000e-05 -3.623962402343750000e-05 3.950119018554687500e-03
9.536743164062500000e-05 -4.339218139648437500e-05 4.426002502441406250e-03
9.155273437500000000e-05 -5.722045898437500000e-05 3.378868103027343750e-03
6.866455078125000000e-05 -6.389617919921875000e-05 3.046035766601562500e-03
7.629394531250000000e-05 -7.915496826171875000e-05 3.551483154296875000e-03
5.722045898437500000e-05 -9.679794311523437500e-05 2.925872802734375000e-03
7.629394531250000000e-05 -9.012222290039062500e-05 2.432823181152343750e-03
7.629394531250000000e-05 -1.082420349121093750e-04 2.290725708007812500e-03
6.484985351562500000e-05 -9.346008300781250000e-05 2.475738525390625000e-03
6.866455078125000000e-05 -1.211166381835937500e-04 2.323150634765625000e-03
6.866455078125000000e-05 -1.177787780761718750e-04 2.439498901367187500e-03
8.773803710937500000e-05 -1.163482666015625000e-04 2.776145935058593750e-03
9.155273437500000000e-05 -9.012222290039062500e-05 2.318382263183593750e-03
9.536743164062500000e-05 -7.772445678710937500e-05 2.265930175781250000e-03
7.629394531250000000e-05 -5.197525024414062500e-05 1.928329467773437500e-03
7.629394531250000000e-05 -6.675720214843750000e-05 2.455711364746093750e-03
9.536743164062500000e-05 -4.959106445312500000e-05 2.437591552734375000e-03
7.629394531250000000e-05 -5.912780761718750000e-05 2.738952636718750000e-03
8.010864257812500000e-05 -2.574920654296875000e-05 2.732276916503906250e-03
7.247924804687500000e-05 -3.576278686523437500e-05 2.999305725097656250e-03
7.247924804687500000e-05 -3.719329833984375000e-05 3.053665161132812500e-03
5.722045898437500000e-05 -1.955032348632812500e-05 3.688812255859375000e-03
3.051757812500000000e-05 -2.384185791015625000e-06 3.940582275390625000e-03
4.577636718750000000e-05 4.768371582031250000e-07 4.195213317871093750e-03
6.103515625000000000e-05 1.907348632812500000e-05 4.734992980957031250e-03
1.068115234375000000e-04 2.956390380859375000e-05 5.161285400390625000e-03
9.918212890625000000e-05 2.717971801757812500e-05 5.397796630859375000e-03
9.155273437500000000e-05 2.861022949218750000e-05 6.690979003906250000e-03
6.484985351562500000e-05 2.479553222656250000e-05 6.998062133789062500e-03
0.000000000000000000e+00 4.625320434570312500e-05 7.362365722656250000e-03
2.288818359375000000e-05 6.771087646484375000e-05 8.033752441406250000e-03
-6.103515625000000000e-05 8.058547973632812500e-05 7.889747619628906250e-03
-1.068115234375000000e-04 2.622604370117187500e-05 8.654594421386718750e-03
-1.182556152343750000e-04 9.393692016601562500e-05 9.069442749023437500e-03
1.525878906250000000e-05 7.152557373046875000e-05 9.724617004394531250e-03
1.220703125000000000e-04 9.536743164062500000e-05 9.733200073242187500e-03
3.051757812500000000e-05 9.107589721679687500e-05 8.843421936035156250e-03
6.484985351562500000e-05 7.915496826171875000e-05 8.945465087890625000e-03
2.059936523437500000e-04 1.187324523925781250e-04 9.879112243652343750e-03
1.907348632812500000e-04 1.378059387207031250e-04 9.735584259033203125e-03
-7.247924804687500000e-05 5.435943603515625000e-05 8.319854736328125000e-03
-1.411437988281250000e-04 3.147125244140625000e-05 8.197307586669921875e-03
-1.907348632812500000e-05 1.478195190429687500e-05 7.758140563964843750e-03
2.288818359375000000e-05 3.099441528320312500e-05 6.544113159179687500e-03
-3.814697265625000000e-06 1.525878906250000000e-05 6.434440612792968750e-03
3.814697265625000000e-05 2.813339233398437500e-05 5.844116210937500000e-03
-1.907348632812500000e-05 4.339218139648437500e-05 5.223274230957031250e-03
3.814697265625000000e-06 -4.768371582031250000e-06 5.034446716308593750e-03
